40000 1737388126
40000 1737388127
40005 1737388128
40000 1737388129
40000 1737388130
40005 1737388131
40004 1737388132
40003 1737388133
40005 1737388134
40002 1737388135
40001 1737388136
40004 1737388137
40003 1737388138
40004 1737388139
40002 1737388140
40001 1737388141
40001 1737388142
40004 1737388143
40001 1737388144
40001 1737388145
40001 1737388146
40003 1737388147
40005 1737388148
40001 1737388149
40004 1737388150
40000 1737388151
40000 1737388152
40001 1737388153
40003 1737388154
40001 1737388155
40006 1737388156
40003 1737388157
40002 1737388158
40001 1737388159
40002 1737388160
40001 1737388161
40001 1737388162
40003 1737388163
40000 1737388164
40001 1737388165
40003 1737388166
40003 1737388167
40000 1737388168
40001 1737388169
40002 1737388170
40002 1737388171
40001 1737388172
40002 1737388173
40001 1737388174
40002 1737388175
40003 1737388176
40002 1737388177
820 1737388177
40004 1737388178
40003 1737388179
40001 1737388180
40000 1737388181
40002 1737388182
40004 1737388183
40004 1737388184
40000 1737388185
40004 1737388186
40002 1737388187
40002 1737388188
40003 1737388189
40003 1737388190
40004 1737388191
40002 1737388192
40002 1737388193
40003 1737388194
40001 1737388195
40001 1737388196
40000 1737388197
40005 1737388198
40003 1737388199
40001 1737388200
40004 1737388201
40004 1737388202
40001 1737388203
40003 1737388204
40002 1737388205
40000 1737388206
40002 1737388207
40001 1737388208
40000 1737388209
40003 1737388210
40001 1737388211
40002 1737388212
40001 1737388213
40006 1737388214
40001 1737388215
40002 1737388216
40003 1737388217
40004 1737388218
40004 1737388219
40003 1737388220
40003 1737388221
40005 1737388222
40004 1737388223
40002 1737388224
40000 1737388225
40005 1737388226
40005 1737388227
40002 1737388228
40002 1737388229
40003 1737388230
40005 1737388231
40001 1737388232
40003 1737388233
40003 1737388234
40001 1737388235
40002 1737388236
40002 1737388237
40002 1737388238
40001 1737388239
40001 1737388240
40004 1737388241
40004 1737388242
40003 1737388243
40002 1737388244
40002 1737388245
40003 1737388246
40002 1737388247
40002 1737388248
40003 1737388249
40001 1737388250
40002 1737388251
40004 1737388252
40005 1737388253
40006 1737388254
40002 1737388255
40002 1737388256
40002 1737388257
40006 1737388258
40003 1737388259
140 1737388260
40003 1737388260
40005 1737388261
40003 1737388262
40000 1737388263
40004 1737388264
40005 1737388265
40003 1737388266
40004 1737388267
40004 1737388268
40001 1737388269
40002 1737388270
40002 1737388271
40004 1737388272
40003 1737388273
40000 1737388274
40002 1737388276
40001 1737388277
40002 1737388278
40004 1737388279
40002 1737388280
40002 1737388281
40003 1737388282
40001 1737388283
40003 1737388284
40002 1737388285
40002 1737388286
40002 1737388287
40005 1737388288
40002 1737388289
40000 1737388290
40001 1737388291
40003 1737388292
40003 1737388293
40002 1737388294
40004 1737388295
40001 1737388296
40004 1737388297
40002 1737388298
40004 1737388299
40002 1737388300
40001 1737388301
40001 1737388302
40002 1737388303
40001 1737388304
40001 1737388305
40003 1737388306
40001 1737388307
40001 1737388308
40002 1737388309
40001 1737388310
40003 1737388311
40005 1737388312
40004 1737388313
40003 1737388314
40002 1737388315
40002 1737388316
40004 1737388317
40002 1737388318
40004 1737388319
40002 1737388320
40003 1737388321
40002 1737388322
40002 1737388323
40002 1737388324
40001 1737388325
40001 1737388326
40002 1737388327
40002 1737388328
40000 1737388329
40003 1737388330
40002 1737388331
40002 1737388332
40001 1737388333
40003 1737388334
40002 1737388335
40002 1737388336
40001 1737388337
40002 1737388338
40002 1737388339
40000 1737388340
40000 1737388341
40003 1737388342
40004 1737388343
40002 1737388344
40002 1737388345
40003 1737388346
40004 1737388347
40001 1737388348
40002 1737388349
40003 1737388350
40000 1737388351
40004 1737388352
40003 1737388353
40002 1737388354
40002 1737388355
40000 1737388356
40000 1737388357
40005 1737388358
40001 1737388359
40001 1737388360
40002 1737388361
40004 1737388362
1660 1737388363
40003 1737388363
40001 1737388364
40002 1737388365
40004 1737388366
40002 1737388367
40005 1737388368
40003 1737388369
40003 1737388370
40000 1737388371
40002 1737388372
40003 1737388373
40003 1737388374
40001 1737388375
40002 1737388376
40004 1737388377
40001 1737388378
40002 1737388379
40004 1737388380
40001 1737388381
40004 1737388382
40002 1737388383
40002 1737388384
40002 1737388385
40002 1737388386
40004 1737388387
40002 1737388388
40003 1737388389
40000 1737388390
40001 1737388391
40001 1737388392
40002 1737388393
40002 1737388394
40004 1737388395
40002 1737388396
40000 1737388397
40001 1737388398
40004 1737388399
40003 1737388400
40004 1737388401
40003 1737388402
40001 1737388403
40004 1737388404
40002 1737388405
40002 1737388406
40001 1737388407
40001 1737388408
40002 1737388409
40003 1737388410
40004 1737388411
40002 1737388412
40000 1737388413
40004 1737388414
40006 1737388415
40004 1737388416
40001 1737388417
40004 1737388418
40002 1737388419
40000 1737388420
40007 1737388421
40001 1737388422
40002 1737388423
40000 1737388424
40001 1737388425
40004 1737388426
40003 1737388427
40000 1737388428
40002 1737388429
40002 1737388430
40001 1737388431
40003 1737388432
40005 1737388433
40003 1737388434
40004 1737388435
40002 1737388436
40001 1737388437
40003 1737388438
40002 1737388439
40002 1737388440
40000 1737388441
40002 1737388442
40003 1737388443
40001 1737388444
40002 1737388446
40003 1737388447
40002 1737388448
40000 1737388449
40002 1737388450
40001 1737388451
40003 1737388452
40003 1737388453
40000 1737388454
40003 1737388455
40002 1737388456
40002 1737388457
40002 1737388458
40001 1737388459
40004 1737388460
40005 1737388461
40000 1737388462
40007 1737388463
40003 1737388464
40003 1737388465
40002 1737388466
40003 1737388467
40002 1737388468
40004 1737388469
40000 1737388470
40002 1737388471
40003 1737388472
40001 1737388473
40002 1737388474
40002 1737388475
40002 1737388476
40002 1737388477
40003 1737388478
40002 1737388479
40001 1737388480
40002 1737388481
40001 1737388482
40001 1737388483
40002 1737388484
40004 1737388485
40006 1737388486
40002 1737388487
40002 1737388488
40000 1737388489
40001 1737388490
40000 1737388491
40004 1737388492
40004 1737388493
40001 1737388494
40004 1737388495
40002 1737388496
40000 1737388497
40006 1737388498
40002 1737388499
40003 1737388500
40001 1737388501
40003 1737388502
40000 1737388503
40002 1737388504
40003 1737388505
40003 1737388506
40000 1737388507
40002 1737388508
40001 1737388509
40004 1737388510
40000 1737388511
40003 1737388512
40003 1737388513
40002 1737388514
40004 1737388515
40006 1737388516
40001 1737388517
40002 1737388518
40003 1737388519
40003 1737388520
40002 1737388521
40004 1737388522
40002 1737388523
40001 1737388524
40004 1737388525
40000 1737388526
40001 1737388527
40001 1737388528
40001 1737388529
40005 1737388530
40003 1737388531
40001 1737388532
40000 1737388533
40002 1737388534
40002 1737388535
40001 1737388536
40002 1737388537
40002 1737388538
6520 1737388538
40001 1737388539
40002 1737388540
40000 1737388541
5660 1737388542
40003 1737388542
40001 1737388543
40001 1737388544
40004 1737388545
40003 1737388546
40003 1737388547
40002 1737388548
40001 1737388549
40001 1737388550
40004 1737388551
40003 1737388552
40001 1737388553
40002 1737388554
40005 1737388555
40002 1737388556
40005 1737388557
40003 1737388558
40000 1737388559
40000 1737388560
40003 1737388561
40000 1737388562
40003 1737388563
40002 1737388564
40002 1737388565
40000 1737388566
40002 1737388567
40001 1737388568
40003 1737388569
40001 1737388570
40004 1737388571
40004 1737388572
40000 1737388573
40005 1737388574
40003 1737388575
40002 1737388576
40001 1737388577
40004 1737388578
40004 1737388579
40002 1737388580
40001 1737388581
40003 1737388582
40005 1737388583
40004 1737388584
40001 1737388585
40001 1737388586
40002 1737388587
40004 1737388588
40005 1737388590
40001 1737388591
40002 1737388592
40004 1737388593
40001 1737388594
40000 1737388595
40002 1737388596
40002 1737388597
40001 1737388598
40005 1737388599
40003 1737388600
40001 1737388601
40001 1737388602
40002 1737388603
40003 1737388604
40006 1737388605
40004 1737388606
40006 1737388607
40001 1737388608
40001 1737388609
40003 1737388610
40001 1737388611
40003 1737388612
40004 1737388613
40003 1737388614
40003 1737388615
40006 1737388616
40000 1737388617
40002 1737388618
40003 1737388619
40002 1737388620
40004 1737388621
40003 1737388622
40004 1737388623
40000 1737388624
40001 1737388625
40003 1737388626
40001 1737388627
40002 1737388628
40001 1737388629
40001 1737388630
40002 1737388631
40002 1737388632
40000 1737388633
40002 1737388634
40000 1737388635
40002 1737388636
40001 1737388637
40000 1737388638
40004 1737388639
40002 1737388640
40003 1737388641
40003 1737388642
40003 1737388643
40002 1737388644
1340 1737388645
40003 1737388645
40000 1737388646
40004 1737388647
40002 1737388648
40003 1737388649
40002 1737388650
40001 1737388651
40002 1737388652
40003 1737388653
40004 1737388654
40001 1737388655
40004 1737388656
40001 1737388657
40001 1737388658
40003 1737388659
40002 1737388660
40003 1737388661
40001 1737388662
40003 1737388663
40001 1737388664
40002 1737388665
40001 1737388666
40002 1737388667
40003 1737388668
40003 1737388669
40006 1737388670
40001 1737388671
40002 1737388672
40004 1737388673
40002 1737388674
40003 1737388675
40003 1737388676
40003 1737388677
40002 1737388678
40004 1737388679
40004 1737388680
40001 1737388681
40002 1737388682
40006 1737388683
40005 1737388684
40001 1737388685
40002 1737388686
40001 1737388687
40002 1737388688
40000 1737388689
40000 1737388690
40004 1737388691
40001 1737388692
40004 1737388693
40003 1737388694
40001 1737388695
40000 1737388696
40002 1737388697
40002 1737388698
40002 1737388699
40001 1737388700
40003 1737388701
40003 1737388702
40002 1737388703
40003 1737388704
40001 1737388705
40001 1737388706
40006 1737388707
40005 1737388708
40002 1737388709
40002 1737388710
40002 1737388711
40004 1737388712
40000 1737388713
40006 1737388714
40003 1737388715
40002 1737388716
40004 1737388717
40005 1737388718
40001 1737388719
40004 1737388720
40002 1737388721
40002 1737388722
40001 1737388723
40003 1737388724
40003 1737388725
40002 1737388727
40000 1737388728
40001 1737388729
40002 1737388730
40002 1737388731
40001 1737388732
40004 1737388733
40004 1737388734
40001 1737388735
40001 1737388736
40000 1737388737
40003 1737388738
40000 1737388739
40003 1737388740
40000 1737388741
40000 1737388742
40000 1737388743
40000 1737388744
40000 1737388745
40000 1737388746
40000 1737388747
40000 1737388748
40000 1737388749
40000 1737388750
40000 1737388751
40000 1737388752
40000 1737388753
40000 1737388754
40000 1737388755
40000 1737388756
40000 1737388757
40000 1737388758
40000 1737388759
40000 1737388760
40000 1737388761
40000 1737388762
40000 1737388763
40000 1737388764
40000 1737388765
40000 1737388766
40000 1737388767
40000 1737388768
40000 1737388769
40000 1737388770
40000 1737388771
40000 1737388772
40000 1737388773
40000 1737388774
40000 1737388775
40000 1737388776
40000 1737388777
40000 1737388778
40000 1737388779
40000 1737388780
40000 1737388781
40000 1737388782
40000 1737388783
40000 1737388784
40000 1737388785
40000 1737388786
40000 1737388787
40000 1737388788
40000 1737388789
40000 1737388790
40000 1737388791
40000 1737388792
40000 1737388793
40000 1737388794
40000 1737388795
40000 1737388796
40000 1737388797
40000 1737388798
40000 1737388799
40000 1737388800
40000 1737388801
40000 1737388802
40000 1737388803
40000 1737388804
40000 1737388805
40000 1737388806
40000 1737388807
40000 1737388808
