40000 1737384921
40000 1737384922
40002 1737384923
40000 1737384924
40001 1737384925
40000 1737384926
40000 1737384927
40002 1737384928
40002 1737384929
40003 1737384930
40000 1737384931
40001 1737384932
40002 1737384933
40001 1737384934
40000 1737384935
40000 1737384936
40000 1737384937
40001 1737384938
40000 1737384939
40004 1737384940
40000 1737384941
40001 1737384942
40000 1737384943
40000 1737384944
40000 1737384945
40000 1737384946
40001 1737384947
40001 1737384948
40001 1737384949
40003 1737384950
40000 1737384951
40001 1737384952
40000 1737384953
40000 1737384954
40000 1737384955
40000 1737384956
40001 1737384957
40000 1737384958
40000 1737384959
40001 1737384960
40001 1737384961
40002 1737384962
40001 1737384963
40001 1737384964
40001 1737384965
40000 1737384966
40001 1737384967
40001 1737384968
40000 1737384969
40000 1737384970
40000 1737384972
40000 1737384973
40003 1737384974
40001 1737384975
40001 1737384976
40001 1737384977
40000 1737384978
40000 1737384979
40001 1737384980
40002 1737384981
40000 1737384982
40000 1737384983
40001 1737384984
40000 1737384985
40000 1737384986
40000 1737384987
40001 1737384988
40001 1737384989
40001 1737384990
40000 1737384991
40001 1737384992
40002 1737384993
40000 1737384994
40001 1737384995
40002 1737384996
40002 1737384997
40001 1737384998
40002 1737384999
40001 1737385000
40003 1737385001
40000 1737385002
40000 1737385003
40000 1737385004
40002 1737385005
40000 1737385006
40001 1737385007
40002 1737385008
40001 1737385009
40000 1737385010
40000 1737385011
40000 1737385012
40000 1737385013
40001 1737385014
40001 1737385015
40001 1737385016
40000 1737385017
40001 1737385018
40001 1737385019
40002 1737385020
40002 1737385021
40000 1737385022
40001 1737385023
40001 1737385024
40003 1737385025
40002 1737385026
40001 1737385027
40002 1737385028
40001 1737385029
40000 1737385030
40000 1737385031
40001 1737385032
40000 1737385033
40002 1737385034
40000 1737385035
40001 1737385036
40001 1737385037
40001 1737385038
40000 1737385039
40001 1737385040
40004 1737385041
40000 1737385042
40000 1737385043
40001 1737385044
40003 1737385045
40000 1737385046
40001 1737385047
40000 1737385048
40000 1737385049
40000 1737385050
40000 1737385051
40002 1737385052
40002 1737385053
40001 1737385054
40000 1737385055
40000 1737385056
40004 1737385057
40001 1737385058
40001 1737385059
40001 1737385060
40000 1737385061
40001 1737385062
40001 1737385063
40000 1737385064
40002 1737385065
40000 1737385066
40001 1737385067
40002 1737385068
40002 1737385069
40002 1737385070
40000 1737385071
40003 1737385072
40000 1737385073
40001 1737385074
40000 1737385075
40000 1737385076
40002 1737385077
40001 1737385078
40002 1737385079
40002 1737385080
40001 1737385081
40001 1737385082
40000 1737385083
40001 1737385084
40002 1737385085
40001 1737385086
40002 1737385087
40003 1737385088
40002 1737385089
40000 1737385090
40000 1737385091
40000 1737385092
40000 1737385093
40000 1737385094
40001 1737385095
40001 1737385096
40001 1737385097
40001 1737385098
40003 1737385099
40005 1737385100
40002 1737385101
40000 1737385102
40002 1737385104
40001 1737385105
40001 1737385106
40000 1737385107
40003 1737385108
40001 1737385109
40002 1737385110
40003 1737385111
40000 1737385112
40001 1737385113
40001 1737385114
40001 1737385115
40000 1737385116
40000 1737385117
40003 1737385118
40000 1737385119
40000 1737385120
40000 1737385121
40000 1737385122
40001 1737385123
40000 1737385124
40001 1737385125
40000 1737385126
40000 1737385127
40000 1737385128
40000 1737385129
40002 1737385130
40002 1737385131
40002 1737385132
40001 1737385133
40000 1737385134
40000 1737385135
40002 1737385136
40001 1737385137
40001 1737385138
40001 1737385139
40001 1737385140
40001 1737385141
40002 1737385142
40000 1737385143
40000 1737385144
40000 1737385145
40000 1737385146
40000 1737385147
40000 1737385148
40000 1737385149
40003 1737385150
40001 1737385151
40001 1737385152
40002 1737385153
40001 1737385154
40004 1737385155
40001 1737385156
40001 1737385157
40000 1737385158
40000 1737385159
40000 1737385160
40001 1737385161
40002 1737385162
40000 1737385163
40001 1737385164
40000 1737385165
40001 1737385166
40001 1737385167
40002 1737385168
40002 1737385169
40001 1737385170
40001 1737385171
40002 1737385172
40000 1737385173
40001 1737385174
40002 1737385175
40002 1737385176
40000 1737385177
40001 1737385178
40000 1737385179
40004 1737385180
40000 1737385181
40003 1737385182
40000 1737385183
40000 1737385184
40001 1737385185
40002 1737385186
40001 1737385187
40002 1737385188
40001 1737385189
40000 1737385190
40000 1737385191
40002 1737385192
40001 1737385193
40000 1737385194
40002 1737385195
40001 1737385196
40000 1737385197
40000 1737385198
40001 1737385199
40002 1737385200
40000 1737385201
40000 1737385202
40000 1737385203
40000 1737385204
40000 1737385205
40000 1737385206
40000 1737385207
40000 1737385208
40000 1737385209
40000 1737385210
40001 1737385211
40002 1737385212
40002 1737385213
40000 1737385214
40002 1737385215
40000 1737385216
40000 1737385217
40001 1737385218
40000 1737385219
40000 1737385220
40001 1737385221
40001 1737385222
40002 1737385223
40001 1737385224
40000 1737385225
40001 1737385226
40000 1737385227
40003 1737385228
40000 1737385229
40002 1737385230
40001 1737385231
40001 1737385232
40002 1737385233
40001 1737385234
40000 1737385235
40001 1737385236
40000 1737385237
40001 1737385238
40000 1737385239
40000 1737385240
40000 1737385241
40003 1737385242
40000 1737385243
40000 1737385244
40001 1737385245
40001 1737385246
40002 1737385247
40000 1737385248
40000 1737385249
40004 1737385250
40002 1737385251
40001 1737385252
40001 1737385253
40000 1737385254
40000 1737385255
40001 1737385256
40000 1737385257
40001 1737385258
40001 1737385259
40000 1737385260
40000 1737385261
40003 1737385262
40000 1737385263
40000 1737385264
40000 1737385265
40001 1737385266
40000 1737385267
40001 1737385268
40000 1737385269
40002 1737385270
40001 1737385271
40000 1737385272
40002 1737385274
40001 1737385275
40001 1737385276
40002 1737385277
40000 1737385278
40001 1737385279
40002 1737385280
40000 1737385281
40000 1737385282
40000 1737385283
40004 1737385284
40002 1737385285
40003 1737385286
40000 1737385287
40000 1737385288
40000 1737385289
40001 1737385290
40000 1737385291
40000 1737385292
40003 1737385293
40000 1737385294
40001 1737385295
40001 1737385296
40001 1737385297
40003 1737385298
40001 1737385299
40000 1737385300
40000 1737385301
40000 1737385302
40000 1737385303
40000 1737385304
40002 1737385305
40003 1737385306
40001 1737385307
40002 1737385308
40000 1737385309
40000 1737385310
40001 1737385311
40002 1737385312
40000 1737385313
40000 1737385314
40001 1737385315
40001 1737385316
40001 1737385317
40000 1737385318
40001 1737385319
40000 1737385320
40001 1737385321
40001 1737385322
40001 1737385323
40001 1737385324
40002 1737385325
40001 1737385326
40002 1737385327
40000 1737385328
40000 1737385329
40003 1737385330
40002 1737385331
40002 1737385332
40003 1737385333
40001 1737385334
40002 1737385335
40002 1737385336
40002 1737385337
40000 1737385338
40001 1737385339
40000 1737385340
40001 1737385341
40001 1737385342
40000 1737385343
40001 1737385344
40001 1737385345
40000 1737385346
40001 1737385347
40001 1737385348
40002 1737385349
40001 1737385350
40003 1737385351
40002 1737385352
40001 1737385353
40001 1737385354
40001 1737385355
40001 1737385356
40000 1737385357
40000 1737385358
40000 1737385359
40001 1737385360
40000 1737385361
40001 1737385362
40001 1737385363
40001 1737385364
40000 1737385365
40000 1737385366
40001 1737385367
40001 1737385368
40000 1737385369
40001 1737385370
40001 1737385371
40002 1737385372
40000 1737385373
40001 1737385374
40001 1737385375
40002 1737385376
40000 1737385377
40001 1737385378
40000 1737385379
40002 1737385380
40003 1737385381
40000 1737385382
40001 1737385383
40003 1737385384
40003 1737385385
40002 1737385386
40002 1737385387
40001 1737385388
40001 1737385389
40001 1737385390
40001 1737385391
40001 1737385392
40001 1737385393
40000 1737385394
40001 1737385395
40000 1737385396
40001 1737385397
40000 1737385398
40000 1737385399
40002 1737385400
40001 1737385401
40001 1737385402
40001 1737385403
40002 1737385404
40001 1737385405
40000 1737385406
40003 1737385407
40001 1737385408
40000 1737385409
40000 1737385410
40001 1737385411
40003 1737385412
40001 1737385413
40001 1737385414
40001 1737385415
40001 1737385416
40001 1737385417
40001 1737385418
40001 1737385419
40000 1737385420
40001 1737385421
40001 1737385422
40002 1737385423
40000 1737385424
40000 1737385425
40000 1737385426
40001 1737385427
40003 1737385428
40002 1737385429
40000 1737385430
40001 1737385431
40000 1737385432
40000 1737385433
40002 1737385434
40002 1737385435
40003 1737385436
40000 1737385437
40002 1737385438
40002 1737385439
40001 1737385440
40000 1737385441
40002 1737385442
40001 1737385443
40000 1737385444
40001 1737385445
40002 1737385446
40001 1737385448
40000 1737385449
40003 1737385450
40000 1737385451
40000 1737385452
40001 1737385453
40000 1737385454
40002 1737385455
40000 1737385456
40000 1737385457
40002 1737385458
40003 1737385459
40003 1737385460
40003 1737385461
40002 1737385462
40000 1737385463
40001 1737385464
40001 1737385465
40001 1737385466
40002 1737385467
40000 1737385468
40000 1737385469
40001 1737385470
40000 1737385471
40002 1737385472
40001 1737385473
40000 1737385474
40001 1737385475
40002 1737385476
40002 1737385477
40000 1737385478
40000 1737385479
40002 1737385480
40000 1737385481
40003 1737385482
40001 1737385483
40002 1737385484
40000 1737385485
40000 1737385486
40001 1737385487
40001 1737385488
40001 1737385489
40002 1737385490
40000 1737385491
40001 1737385492
40000 1737385493
40002 1737385494
40002 1737385495
40001 1737385496
40003 1737385497
40002 1737385498
40000 1737385499
40002 1737385500
40001 1737385501
40000 1737385502
40003 1737385503
40000 1737385504
40000 1737385505
40000 1737385506
40000 1737385507
40001 1737385508
40000 1737385509
40002 1737385510
40002 1737385511
40000 1737385512
40002 1737385513
40000 1737385514
40000 1737385515
40000 1737385516
40000 1737385517
40002 1737385518
40002 1737385519
40000 1737385520
40003 1737385521
40000 1737385522
40000 1737385523
40002 1737385524
40001 1737385525
40002 1737385526
40000 1737385527
40002 1737385528
40001 1737385529
40000 1737385530
40001 1737385531
40000 1737385532
40001 1737385533
40001 1737385534
40000 1737385535
40002 1737385536
40001 1737385537
40001 1737385538
40002 1737385539
40000 1737385540
40000 1737385541
40001 1737385542
40001 1737385543
40002 1737385544
40001 1737385545
40001 1737385546
40000 1737385547
40003 1737385548
40003 1737385549
40000 1737385550
40002 1737385551
40000 1737385552
40002 1737385553
40000 1737385554
40000 1737385555
40002 1737385556
40003 1737385557
40000 1737385558
40000 1737385559
40001 1737385560
40000 1737385561
40002 1737385562
40001 1737385563
40000 1737385564
40000 1737385565
40001 1737385566
40000 1737385567
40001 1737385568
40002 1737385569
40001 1737385570
40001 1737385571
40002 1737385572
40002 1737385573
40003 1737385574
40000 1737385575
40001 1737385576
40001 1737385577
40004 1737385578
40001 1737385579
40000 1737385580
40001 1737385582
40000 1737385583
40001 1737385584
40001 1737385585
40001 1737385586
40001 1737385587
40001 1737385588
40000 1737385589
40000 1737385590
40000 1737385591
40000 1737385592
40001 1737385593
40001 1737385594
40001 1737385595
40001 1737385596
40000 1737385597
40000 1737385598
40001 1737385599
40001 1737385600
40000 1737385601
40001 1737385602
40002 1737385603
40000 1737385604
40001 1737385605
40000 1737385606
40001 1737385607
40001 1737385608
40003 1737385609
40002 1737385610
40003 1737385611
40002 1737385612
40003 1737385613
40001 1737385614
40000 1737385615
40002 1737385616
40001 1737385617
40002 1737385618
40000 1737385619
40000 1737385620
40000 1737385621
40002 1737385622
40001 1737385623
40001 1737385624
40001 1737385625
40001 1737385626
40000 1737385627
40002 1737385628
40001 1737385629
40000 1737385630
40000 1737385631
40000 1737385632
40002 1737385633
40000 1737385634
40002 1737385635
40001 1737385636
40001 1737385637
40000 1737385638
40002 1737385639
40002 1737385640
40000 1737385641
40000 1737385642
40001 1737385643
40001 1737385644
40000 1737385645
40000 1737385646
40002 1737385647
40003 1737385648
40001 1737385649
40001 1737385650
40001 1737385651
40000 1737385652
40001 1737385653
40002 1737385654
40001 1737385655
40001 1737385656
40000 1737385657
40002 1737385658
40000 1737385659
40001 1737385660
40000 1737385661
40001 1737385662
40000 1737385663
40000 1737385664
40000 1737385665
40001 1737385666
40000 1737385667
40001 1737385668
40001 1737385669
40001 1737385670
40000 1737385671
40003 1737385672
40001 1737385673
40000 1737385674
40000 1737385675
40000 1737385676
40001 1737385677
40002 1737385678
40001 1737385679
40002 1737385680
40001 1737385681
40000 1737385682
40001 1737385683
40000 1737385684
40000 1737385685
40000 1737385686
40001 1737385687
40001 1737385688
40002 1737385689
40000 1737385690
40001 1737385691
40001 1737385692
40001 1737385693
40000 1737385694
40001 1737385695
40003 1737385696
40001 1737385697
40000 1737385698
40000 1737385699
40002 1737385700
40002 1737385701
40001 1737385702
40000 1737385703
40001 1737385704
40000 1737385705
40000 1737385706
40000 1737385707
40000 1737385708
40001 1737385709
40001 1737385710
40001 1737385711
40000 1737385712
40000 1737385713
40000 1737385714
40002 1737385715
40000 1737385716
40002 1737385717
40002 1737385718
40001 1737385719
40001 1737385720
40002 1737385721
40000 1737385722
40004 1737385723
40001 1737385724
40000 1737385725
40001 1737385726
40000 1737385727
40001 1737385728
40001 1737385729
40000 1737385730
40000 1737385731
40001 1737385732
40001 1737385733
40000 1737385734
40001 1737385735
40001 1737385736
40000 1737385737
40000 1737385738
40002 1737385739
40000 1737385740
40001 1737385741
40000 1737385742
40002 1737385743
40001 1737385744
40003 1737385745
40002 1737385746
40000 1737385747
40001 1737385748
40000 1737385749
40004 1737385751
40000 1737385752
40000 1737385753
40000 1737385754
40000 1737385755
40001 1737385756
40002 1737385757
40000 1737385758
40000 1737385759
40001 1737385760
40001 1737385761
40001 1737385762
40001 1737385763
40000 1737385764
40002 1737385765
40000 1737385766
40005 1737385767
40000 1737385768
40001 1737385769
40000 1737385770
40001 1737385771
40000 1737385772
40003 1737385773
40001 1737385774
40000 1737385775
40001 1737385776
40000 1737385777
40002 1737385778
40001 1737385779
40000 1737385780
40001 1737385781
40002 1737385782
40000 1737385783
40000 1737385784
40000 1737385785
40004 1737385786
40001 1737385787
40000 1737385788
40001 1737385789
40003 1737385790
40001 1737385791
40001 1737385792
40001 1737385793
40002 1737385794
40000 1737385795
40000 1737385796
40003 1737385797
40001 1737385798
40002 1737385799
40002 1737385800
40001 1737385801
40001 1737385802
40002 1737385803
40000 1737385804
40002 1737385805
40003 1737385806
40000 1737385807
40001 1737385808
40000 1737385809
40002 1737385810
40002 1737385811
40001 1737385812
40001 1737385813
40001 1737385814
40002 1737385815
40000 1737385816
40001 1737385817
40002 1737385818
40000 1737385819
40002 1737385820
40000 1737385821
40002 1737385822
40001 1737385823
40001 1737385824
40001 1737385825
40002 1737385826
40001 1737385827
40001 1737385828
40001 1737385829
40000 1737385830
40000 1737385831
40001 1737385832
40000 1737385833
40000 1737385834
40001 1737385835
40002 1737385836
40001 1737385837
40002 1737385838
40000 1737385839
40000 1737385840
40000 1737385841
40003 1737385842
40000 1737385843
40001 1737385844
40000 1737385845
40000 1737385846
40000 1737385847
40002 1737385848
40000 1737385849
40000 1737385850
40000 1737385851
40001 1737385852
40000 1737385853
40000 1737385854
40000 1737385855
40000 1737385856
40002 1737385857
40000 1737385858
40001 1737385859
40001 1737385860
40001 1737385861
40001 1737385862
40001 1737385863
40000 1737385864
40000 1737385865
40000 1737385866
40003 1737385867
40001 1737385868
40000 1737385869
40000 1737385870
40002 1737385871
40000 1737385872
40001 1737385873
40001 1737385874
40000 1737385875
40000 1737385876
40002 1737385877
40000 1737385878
40001 1737385879
40001 1737385880
40001 1737385881
40001 1737385882
40001 1737385883
40001 1737385884
40003 1737385885
40002 1737385886
40001 1737385887
40001 1737385888
40000 1737385889
40001 1737385890
40000 1737385891
40001 1737385892
40000 1737385893
40002 1737385894
40001 1737385895
40001 1737385896
40000 1737385897
40001 1737385899
40000 1737385900
40001 1737385901
40000 1737385902
40001 1737385903
40000 1737385904
40001 1737385905
40000 1737385906
40001 1737385907
40003 1737385908
40003 1737385909
40000 1737385910
40000 1737385911
40000 1737385912
40001 1737385913
40001 1737385914
40001 1737385915
40000 1737385916
40000 1737385917
40000 1737385918
1000 1737385918
40001 1737385919
40000 1737385920
40001 1737385921
40001 1737385922
40001 1737385923
40000 1737385924
40001 1737385925
40001 1737385926
40001 1737385927
40001 1737385928
40003 1737385929
40001 1737385930
40001 1737385931
40001 1737385932
40001 1737385933
40002 1737385934
40003 1737385935
40002 1737385936
40001 1737385937
40002 1737385938
40000 1737385939
40004 1737385940
40000 1737385941
40001 1737385942
40001 1737385943
40003 1737385944
40001 1737385945
40001 1737385946
40001 1737385947
40001 1737385948
40001 1737385949
40001 1737385950
40000 1737385951
40000 1737385952
40000 1737385953
40000 1737385954
40000 1737385955
40001 1737385956
40000 1737385957
40000 1737385958
40001 1737385959
40001 1737385960
40001 1737385961
40000 1737385962
40001 1737385963
40001 1737385964
40000 1737385965
40001 1737385966
40000 1737385967
40002 1737385968
40003 1737385969
40001 1737385970
40000 1737385971
40001 1737385972
40001 1737385973
40004 1737385974
40001 1737385975
40001 1737385976
40001 1737385977
40000 1737385978
40000 1737385979
40002 1737385980
40000 1737385981
40002 1737385982
40000 1737385983
40000 1737385984
40000 1737385985
40001 1737385986
40001 1737385987
40002 1737385988
40000 1737385989
40000 1737385990
40000 1737385991
40000 1737385992
40002 1737385993
40001 1737385994
40001 1737385995
40001 1737385996
40002 1737385997
40000 1737385998
40003 1737385999
40000 1737386000
40002 1737386001
40003 1737386002
40002 1737386003
40001 1737386004
40001 1737386005
40003 1737386006
40001 1737386007
40000 1737386008
1960 1737386009
40003 1737386009
40002 1737386010
40001 1737386011
40000 1737386012
40001 1737386013
40004 1737386014
40001 1737386015
40001 1737386016
40001 1737386017
40004 1737386018
40003 1737386019
40000 1737386020
40000 1737386021
40001 1737386022
40001 1737386024
40000 1737386025
40001 1737386026
40002 1737386027
40001 1737386028
40000 1737386029
40000 1737386030
40001 1737386031
40001 1737386032
40001 1737386033
40002 1737386034
40003 1737386035
40001 1737386036
40000 1737386037
40000 1737386038
40001 1737386039
40001 1737386040
40002 1737386041
40001 1737386042
40001 1737386043
40001 1737386044
40001 1737386045
40001 1737386046
40000 1737386047
40001 1737386048
40002 1737386049
40001 1737386050
40001 1737386051
40000 1737386052
40001 1737386053
40000 1737386054
40001 1737386055
40003 1737386056
40000 1737386057
40001 1737386058
40001 1737386059
40002 1737386060
40000 1737386061
40000 1737386062
40000 1737386063
40000 1737386064
40000 1737386065
40000 1737386066
