40000 1737387453
40000 1737387454
40001 1737387455
40000 1737387456
40002 1737387457
40001 1737387458
40002 1737387459
40001 1737387460
40002 1737387461
40000 1737387462
40002 1737387463
40001 1737387464
40002 1737387465
40002 1737387466
40000 1737387467
40001 1737387468
40002 1737387469
40001 1737387470
40002 1737387471
40003 1737387472
40002 1737387473
40003 1737387474
40002 1737387475
40003 1737387476
40000 1737387477
40002 1737387478
40000 1737387479
40002 1737387480
40000 1737387481
40001 1737387482
40001 1737387483
40001 1737387484
40000 1737387485
40001 1737387486
40001 1737387487
40000 1737387488
40000 1737387489
40003 1737387490
40003 1737387491
40002 1737387492
40001 1737387493
40000 1737387494
40003 1737387495
40002 1737387496
40001 1737387497
40001 1737387498
40002 1737387499
40000 1737387500
40000 1737387501
40004 1737387502
40001 1737387503
40001 1737387504
40001 1737387505
40001 1737387506
40001 1737387507
40002 1737387508
40001 1737387509
40000 1737387510
40001 1737387511
40000 1737387512
40000 1737387513
40001 1737387514
40001 1737387515
40001 1737387516
40002 1737387517
40001 1737387518
40000 1737387519
40001 1737387520
40002 1737387521
40001 1737387522
40001 1737387523
40000 1737387524
40000 1737387525
40000 1737387526
40001 1737387527
40001 1737387528
40002 1737387529
40002 1737387530
40001 1737387531
40001 1737387532
40002 1737387533
40002 1737387534
40002 1737387535
40000 1737387536
40000 1737387537
40001 1737387538
40000 1737387539
40001 1737387540
40000 1737387541
40003 1737387542
40000 1737387543
40001 1737387544
40000 1737387545
40000 1737387546
40004 1737387547
40000 1737387548
40001 1737387549
40001 1737387550
40001 1737387551
40004 1737387552
40000 1737387553
40000 1737387554
40000 1737387555
40000 1737387556
40001 1737387557
40000 1737387558
40000 1737387559
40002 1737387560
40002 1737387561
40000 1737387562
40001 1737387563
40000 1737387564
40001 1737387565
40002 1737387566
40000 1737387567
40000 1737387568
40000 1737387569
40001 1737387570
40001 1737387571
40001 1737387572
40002 1737387573
40003 1737387574
40004 1737387575
40001 1737387576
40000 1737387577
40000 1737387578
40001 1737387579
40001 1737387580
40000 1737387581
40002 1737387582
40002 1737387583
40000 1737387584
40002 1737387585
40001 1737387586
40000 1737387587
40003 1737387589
40000 1737387590
40002 1737387591
40005 1737387592
40000 1737387593
40001 1737387594
40001 1737387595
40001 1737387596
40001 1737387597
40000 1737387598
40001 1737387599
40000 1737387600
40001 1737387601
40001 1737387602
40001 1737387603
40002 1737387604
40001 1737387605
40001 1737387606
40000 1737387607
40000 1737387608
40000 1737387609
40001 1737387610
40000 1737387611
40000 1737387612
40000 1737387613
40001 1737387614
40001 1737387615
40001 1737387616
40001 1737387617
40000 1737387618
40000 1737387619
40001 1737387620
40002 1737387621
40003 1737387622
40001 1737387623
40001 1737387624
40001 1737387625
40000 1737387626
40002 1737387627
40000 1737387628
40000 1737387629
40002 1737387630
40000 1737387631
40001 1737387632
40002 1737387633
40000 1737387634
40001 1737387635
40001 1737387636
40000 1737387637
40001 1737387638
40000 1737387639
40002 1737387640
40001 1737387641
40000 1737387642
40001 1737387643
40001 1737387644
40000 1737387645
40000 1737387646
40001 1737387647
40001 1737387648
40000 1737387649
40001 1737387650
40003 1737387651
40000 1737387652
40002 1737387653
40000 1737387654
40001 1737387655
40000 1737387656
40001 1737387657
40000 1737387658
40001 1737387659
40001 1737387660
40000 1737387661
40002 1737387662
40001 1737387663
40001 1737387664
40000 1737387665
40001 1737387666
40000 1737387667
40000 1737387668
40001 1737387669
40002 1737387670
40001 1737387671
40000 1737387672
40001 1737387673
40001 1737387674
40001 1737387675
40001 1737387676
40002 1737387677
40002 1737387678
40001 1737387679
40000 1737387680
40000 1737387681
40000 1737387682
40000 1737387683
40004 1737387684
40000 1737387685
40000 1737387686
40000 1737387687
40001 1737387688
40003 1737387689
40000 1737387690
40001 1737387691
40002 1737387692
40000 1737387693
40000 1737387694
40002 1737387695
40001 1737387696
40002 1737387697
40003 1737387698
40003 1737387699
40000 1737387700
40001 1737387701
40001 1737387702
40001 1737387703
40001 1737387704
40003 1737387705
40001 1737387706
40000 1737387707
40002 1737387708
40003 1737387709
40001 1737387710
40000 1737387711
40001 1737387712
40001 1737387713
40002 1737387714
40001 1737387715
40001 1737387716
40000 1737387717
40001 1737387718
40001 1737387719
40000 1737387720
40002 1737387721
40000 1737387722
40000 1737387723
40001 1737387724
40001 1737387725
40000 1737387726
40000 1737387727
40003 1737387728
40001 1737387729
40000 1737387730
40001 1737387731
40000 1737387732
40001 1737387733
40000 1737387734
40001 1737387735
40000 1737387736
40001 1737387737
40000 1737387738
40000 1737387739
40001 1737387740
40000 1737387741
40000 1737387742
40001 1737387743
40000 1737387744
40000 1737387745
40003 1737387746
40002 1737387747
40000 1737387748
40001 1737387749
40000 1737387750
4580 1737387751
40001 1737387751
40000 1737387752
40000 1737387753
40003 1737387754
40000 1737387755
40001 1737387756
40001 1737387757
40001 1737387758
40001 1737387759
40001 1737387760
40000 1737387762
40001 1737387763
40000 1737387764
40000 1737387765
40001 1737387766
40000 1737387767
40001 1737387768
40001 1737387769
40002 1737387770
40000 1737387771
40002 1737387772
40000 1737387773
40001 1737387774
40001 1737387775
40000 1737387776
40001 1737387777
40002 1737387778
40002 1737387779
40002 1737387780
40001 1737387781
40000 1737387782
40000 1737387783
40001 1737387784
40003 1737387785
40001 1737387786
40002 1737387787
40000 1737387788
40003 1737387789
40001 1737387790
40000 1737387791
40000 1737387792
40002 1737387793
40003 1737387794
40002 1737387795
40000 1737387796
40004 1737387797
40002 1737387798
40000 1737387799
40001 1737387800
40002 1737387801
40001 1737387802
40000 1737387803
40002 1737387804
40000 1737387805
40001 1737387806
40000 1737387807
40000 1737387808
40000 1737387809
40001 1737387810
40001 1737387811
40001 1737387812
40001 1737387813
40001 1737387814
40001 1737387815
40000 1737387816
40000 1737387817
40001 1737387818
40000 1737387819
40001 1737387820
40000 1737387821
40002 1737387822
40001 1737387823
40000 1737387824
40002 1737387825
40001 1737387826
40001 1737387827
40002 1737387828
40001 1737387829
40000 1737387830
40001 1737387831
40000 1737387832
40004 1737387833
40003 1737387834
40000 1737387835
40001 1737387836
40001 1737387837
40002 1737387838
40000 1737387839
40000 1737387840
40001 1737387841
40001 1737387842
40000 1737387843
40000 1737387844
40000 1737387845
40000 1737387846
40000 1737387847
40002 1737387848
40000 1737387849
40002 1737387850
40003 1737387851
40000 1737387852
40001 1737387853
40000 1737387854
40000 1737387855
40001 1737387856
40000 1737387857
40000 1737387858
40001 1737387859
40001 1737387860
40001 1737387861
40001 1737387862
40000 1737387863
40002 1737387864
40001 1737387865
40001 1737387866
40001 1737387867
40002 1737387868
40000 1737387869
40001 1737387870
40001 1737387871
40001 1737387872
40000 1737387873
40002 1737387874
40000 1737387875
40000 1737387876
40002 1737387877
40000 1737387878
40000 1737387879
40002 1737387880
40000 1737387881
40001 1737387882
40004 1737387883
40003 1737387884
40000 1737387885
40000 1737387886
40002 1737387887
40001 1737387888
40002 1737387889
40000 1737387890
40001 1737387891
40001 1737387892
40000 1737387893
40000 1737387894
40000 1737387895
40001 1737387896
40001 1737387897
40000 1737387898
40000 1737387899
40001 1737387900
40002 1737387901
40002 1737387902
40000 1737387903
40001 1737387904
40000 1737387905
40001 1737387906
40000 1737387907
40001 1737387908
40003 1737387909
40001 1737387910
40000 1737387911
40002 1737387912
40000 1737387913
40000 1737387914
40001 1737387915
40000 1737387916
40003 1737387917
40000 1737387918
40002 1737387919
40001 1737387920
40000 1737387921
40002 1737387922
40001 1737387923
40000 1737387924
40000 1737387925
40001 1737387926
40002 1737387927
40002 1737387928
40002 1737387929
40001 1737387930
40000 1737387931
40000 1737387933
40000 1737387934
40001 1737387935
40000 1737387936
40001 1737387937
40001 1737387938
40000 1737387939
40000 1737387940
40000 1737387941
40001 1737387942
40002 1737387943
40000 1737387944
40000 1737387945
40005 1737387946
40000 1737387947
40002 1737387948
40001 1737387949
40001 1737387950
40001 1737387951
40002 1737387952
40001 1737387953
40000 1737387954
40000 1737387955
40002 1737387956
40002 1737387957
40000 1737387958
40001 1737387959
40000 1737387960
40001 1737387961
40002 1737387962
40000 1737387963
40001 1737387964
40001 1737387965
40002 1737387966
40000 1737387967
40002 1737387968
40000 1737387969
40001 1737387970
40000 1737387971
40000 1737387972
40000 1737387973
40000 1737387974
40002 1737387975
40001 1737387976
40000 1737387977
40001 1737387978
40003 1737387979
40000 1737387980
40001 1737387981
40000 1737387982
40001 1737387983
40000 1737387984
40000 1737387985
40003 1737387986
40000 1737387987
40000 1737387988
40001 1737387989
40003 1737387990
40000 1737387991
40002 1737387992
40000 1737387993
40001 1737387994
40001 1737387995
40001 1737387996
40000 1737387997
40002 1737387998
40001 1737387999
40000 1737388000
40001 1737388001
40000 1737388002
40002 1737388003
40000 1737388004
40003 1737388005
40002 1737388006
40003 1737388007
40001 1737388008
40001 1737388009
40000 1737388010
40000 1737388011
40000 1737388012
40000 1737388013
40001 1737388014
40001 1737388015
40003 1737388016
40001 1737388017
40002 1737388018
40001 1737388019
40001 1737388020
40002 1737388021
40002 1737388022
40001 1737388023
40001 1737388024
40000 1737388025
40001 1737388026
40001 1737388027
40003 1737388028
40000 1737388029
40001 1737388030
40001 1737388031
40000 1737388032
40001 1737388033
40003 1737388034
40000 1737388035
40001 1737388036
40002 1737388037
40000 1737388038
40002 1737388039
40000 1737388040
40000 1737388041
40001 1737388042
40001 1737388043
40000 1737388044
40000 1737388045
40000 1737388046
40002 1737388047
40002 1737388048
40000 1737388049
40001 1737388050
40000 1737388051
40001 1737388052
40000 1737388053
40001 1737388054
40000 1737388055
40000 1737388056
40000 1737388057
40000 1737388058
40000 1737388059
40000 1737388060
40000 1737388061
40000 1737388062
40000 1737388063
40000 1737388064
40000 1737388065
40000 1737388066
40000 1737388067
40000 1737388068
40000 1737388069
40000 1737388070
40000 1737388071
40000 1737388072
40000 1737388073
40000 1737388074
40000 1737388075
40000 1737388076
40000 1737388077
40000 1737388078
