40000 1737386784
40000 1737386785
40005 1737386786
40004 1737386787
40002 1737386788
40002 1737386789
40007 1737386790
40000 1737386791
40006 1737386792
40005 1737386793
40003 1737386794
40003 1737386795
40003 1737386796
40005 1737386797
40001 1737386798
40001 1737386799
40003 1737386800
40001 1737386801
40002 1737386802
40004 1737386803
40003 1737386804
40001 1737386805
2260 1737386805
40006 1737386806
40000 1737386807
40003 1737386808
40002 1737386809
40003 1737386810
40006 1737386811
40004 1737386812
40003 1737386813
40005 1737386814
40001 1737386815
40003 1737386816
40002 1737386817
40004 1737386818
40003 1737386819
40000 1737386820
40001 1737386821
40001 1737386822
40004 1737386823
40002 1737386824
40003 1737386825
40004 1737386826
40002 1737386827
40001 1737386828
40003 1737386829
40002 1737386830
40003 1737386831
40003 1737386832
40003 1737386833
40000 1737386834
40003 1737386835
40005 1737386836
40003 1737386837
40004 1737386838
40003 1737386839
40003 1737386840
40004 1737386841
40001 1737386842
40001 1737386843
40002 1737386844
40004 1737386845
40002 1737386846
40001 1737386847
40003 1737386848
40003 1737386849
40001 1737386850
40004 1737386851
40002 1737386852
40004 1737386853
40002 1737386854
40005 1737386855
40004 1737386856
40004 1737386857
40003 1737386858
40002 1737386859
40001 1737386860
40004 1737386861
40002 1737386862
40001 1737386863
40003 1737386864
40003 1737386865
40001 1737386866
40002 1737386867
40002 1737386868
40002 1737386869
40005 1737386870
40002 1737386871
40002 1737386872
40003 1737386873
40001 1737386874
40003 1737386875
40003 1737386876
40001 1737386877
40002 1737386878
40005 1737386879
40002 1737386880
40003 1737386881
40001 1737386882
40003 1737386883
40003 1737386884
40002 1737386885
40003 1737386886
40003 1737386887
40005 1737386888
40006 1737386889
40005 1737386890
40001 1737386891
40004 1737386892
40001 1737386893
40004 1737386894
40001 1737386895
40001 1737386896
40002 1737386897
40004 1737386898
80 1737386899
40006 1737386899
40005 1737386900
40004 1737386901
40001 1737386902
40003 1737386903
40003 1737386904
40003 1737386905
40001 1737386906
40002 1737386908
40004 1737386909
40004 1737386910
40002 1737386911
40003 1737386912
40001 1737386913
40008 1737386914
40006 1737386915
40003 1737386916
40003 1737386917
40006 1737386918
40003 1737386919
40003 1737386920
40003 1737386921
40002 1737386922
40004 1737386923
40008 1737386924
40003 1737386925
40004 1737386926
40002 1737386927
40000 1737386928
40003 1737386929
40004 1737386930
40001 1737386931
40004 1737386932
40004 1737386933
40006 1737386934
40001 1737386935
40003 1737386936
40002 1737386937
40005 1737386938
40007 1737386939
40007 1737386940
40001 1737386941
40002 1737386942
40005 1737386943
40004 1737386944
40002 1737386945
40004 1737386946
40004 1737386947
40003 1737386948
40004 1737386949
40004 1737386950
40004 1737386951
40005 1737386952
80 1737386953
40003 1737386953
40003 1737386954
40000 1737386955
40003 1737386956
40002 1737386957
40004 1737386958
40002 1737386959
40004 1737386960
40002 1737386961
40001 1737386962
40003 1737386963
40004 1737386964
40004 1737386965
40003 1737386966
40003 1737386967
40004 1737386968
40006 1737386969
40006 1737386970
40003 1737386971
40004 1737386972
40003 1737386973
40004 1737386974
40000 1737386975
40002 1737386976
40006 1737386977
40002 1737386978
40007 1737386979
40005 1737386980
40002 1737386981
40008 1737386982
40003 1737386983
40002 1737386984
40004 1737386985
40001 1737386986
40003 1737386987
40002 1737386988
40002 1737386989
40004 1737386990
40004 1737386991
40005 1737386992
40002 1737386993
40004 1737386994
40002 1737386995
40000 1737386996
40002 1737386997
40004 1737386998
40001 1737386999
40003 1737387000
40004 1737387001
40001 1737387002
40003 1737387003
40005 1737387004
40003 1737387005
40002 1737387006
40001 1737387007
40002 1737387008
40004 1737387009
40006 1737387010
40004 1737387011
40005 1737387012
40002 1737387013
40003 1737387014
40003 1737387015
40004 1737387016
40002 1737387017
40005 1737387018
40002 1737387019
40003 1737387020
40002 1737387021
40002 1737387022
40002 1737387023
40004 1737387024
40006 1737387025
40002 1737387026
40002 1737387027
40005 1737387028
40007 1737387029
40001 1737387030
40001 1737387031
40001 1737387032
40002 1737387033
40004 1737387034
40001 1737387035
40005 1737387036
40002 1737387037
40003 1737387038
40004 1737387039
40001 1737387040
40000 1737387041
40002 1737387042
40001 1737387043
40003 1737387044
40004 1737387045
40005 1737387046
40003 1737387047
40001 1737387048
40002 1737387049
40003 1737387050
40003 1737387051
40002 1737387052
40003 1737387053
40001 1737387054
40006 1737387055
40004 1737387056
40002 1737387057
40002 1737387058
40002 1737387060
40001 1737387061
40005 1737387062
40006 1737387063
40006 1737387064
40001 1737387065
40001 1737387066
40000 1737387067
40002 1737387068
40005 1737387069
40004 1737387070
40002 1737387071
40002 1737387072
40002 1737387073
40003 1737387074
40001 1737387075
40001 1737387076
1080 1737387076
40005 1737387077
40001 1737387078
40004 1737387079
40000 1737387080
40003 1737387081
40002 1737387082
40000 1737387083
40002 1737387084
40002 1737387085
40001 1737387086
40000 1737387087
40004 1737387088
40005 1737387089
40001 1737387090
40002 1737387091
40005 1737387092
40003 1737387093
40005 1737387094
40001 1737387095
40004 1737387096
40005 1737387097
40001 1737387098
40003 1737387099
40004 1737387100
40002 1737387101
40001 1737387102
40002 1737387103
40003 1737387104
40005 1737387105
40001 1737387106
40003 1737387107
40002 1737387108
40003 1737387109
40003 1737387110
40001 1737387111
40002 1737387112
40007 1737387113
40006 1737387114
40004 1737387115
40004 1737387116
40005 1737387117
40004 1737387118
40002 1737387119
40002 1737387120
40005 1737387121
40007 1737387122
40004 1737387123
40003 1737387124
40002 1737387125
40003 1737387126
40000 1737387127
40003 1737387128
40002 1737387129
40002 1737387130
40006 1737387131
40000 1737387132
40007 1737387133
40003 1737387134
40001 1737387135
40006 1737387136
40006 1737387137
40002 1737387138
40000 1737387139
40006 1737387140
40001 1737387141
40003 1737387142
40007 1737387143
40004 1737387144
40004 1737387145
40003 1737387146
40001 1737387147
40004 1737387148
40004 1737387149
40000 1737387150
40000 1737387151
40000 1737387152
