40000 1737390916
40000 1737390917
40035 1737390918
40021 1737390919
40014 1737390920
40022 1737390921
40018 1737390922
40020 1737390923
40015 1737390924
40034 1737390925
40016 1737390926
40022 1737390927
40015 1737390928
40014 1737390929
40018 1737390930
40014 1737390931
40016 1737390932
40018 1737390933
40025 1737390934
40013 1737390935
40019 1737390936
40024 1737390937
40017 1737390938
40015 1737390939
40015 1737390940
40021 1737390941
40019 1737390942
40020 1737390943
40020 1737390944
40022 1737390945
40015 1737390946
40030 1737390947
40029 1737390948
40029 1737390949
40028 1737390950
40022 1737390951
40012 1737390952
40010 1737390953
40025 1737390954
40025 1737390955
12680 1737390956
40022 1737390956
40025 1737390957
10080 1737390958
40025 1737390958
40022 1737390959
40019 1737390960
40021 1737390961
40022 1737390962
40015 1737390963
40019 1737390964
40022 1737390965
40025 1737390966
40025 1737390967
40023 1737390968
40023 1737390969
40025 1737390970
40025 1737390971
40029 1737390972
40023 1737390973
40023 1737390974
40021 1737390975
40016 1737390976
40031 1737390977
40027 1737390978
40025 1737390979
40024 1737390980
40030 1737390981
40020 1737390982
40023 1737390983
40027 1737390984
40020 1737390985
40022 1737390986
40018 1737390987
40016 1737390988
40020 1737390989
40026 1737390990
40020 1737390991
40022 1737390992
40017 1737390993
40026 1737390994
40014 1737390995
40015 1737390996
40017 1737390997
40017 1737390998
40023 1737390999
40021 1737391000
40018 1737391001
40023 1737391002
40020 1737391003
40017 1737391004
40019 1737391005
40017 1737391006
40024 1737391007
40026 1737391008
40022 1737391009
40023 1737391010
40022 1737391011
40030 1737391012
40016 1737391013
40026 1737391014
40023 1737391015
40015 1737391016
40024 1737391017
40017 1737391018
40021 1737391019
40023 1737391021
40020 1737391022
40021 1737391023
40020 1737391024
40017 1737391025
40030 1737391026
40017 1737391027
40024 1737391028
40029 1737391029
40025 1737391030
40037 1737391031
40017 1737391032
40017 1737391033
40022 1737391034
40022 1737391035
40021 1737391036
40021 1737391037
40020 1737391038
40022 1737391039
40022 1737391040
40023 1737391041
40022 1737391042
40017 1737391043
40024 1737391044
40019 1737391045
40029 1737391046
40022 1737391047
40018 1737391048
40017 1737391049
40019 1737391050
40018 1737391051
40024 1737391052
40024 1737391053
40021 1737391054
40026 1737391055
40019 1737391056
40026 1737391057
40027 1737391058
40027 1737391059
40018 1737391060
40020 1737391061
40024 1737391062
40015 1737391063
40016 1737391064
40031 1737391065
40022 1737391066
40024 1737391067
40018 1737391068
40022 1737391069
40027 1737391070
40031 1737391071
40021 1737391072
40016 1737391073
40021 1737391074
40028 1737391075
40024 1737391076
40010 1737391077
40026 1737391078
40025 1737391079
40016 1737391080
40020 1737391081
40018 1737391082
40031 1737391083
40024 1737391084
40021 1737391085
40020 1737391086
40022 1737391087
40018 1737391088
40017 1737391089
40022 1737391090
40031 1737391091
40024 1737391092
40024 1737391093
40021 1737391094
40020 1737391095
40024 1737391096
40035 1737391097
40018 1737391098
40024 1737391099
40016 1737391100
40023 1737391101
40031 1737391102
40023 1737391103
40018 1737391104
40027 1737391105
40021 1737391106
40019 1737391107
40029 1737391108
40025 1737391109
40019 1737391110
40019 1737391111
40025 1737391112
40016 1737391113
40014 1737391114
40021 1737391115
40029 1737391116
40016 1737391117
40025 1737391118
40030 1737391119
40014 1737391120
40015 1737391121
40019 1737391122
40023 1737391123
40025 1737391124
40024 1737391125
40015 1737391126
40023 1737391127
40025 1737391128
40032 1737391129
40018 1737391130
40025 1737391131
40024 1737391132
40013 1737391133
40014 1737391134
40019 1737391135
40022 1737391136
40022 1737391137
40021 1737391138
40018 1737391139
40026 1737391140
40025 1737391141
40029 1737391142
40021 1737391143
40025 1737391144
40025 1737391145
40022 1737391146
40021 1737391147
40023 1737391148
40026 1737391149
40024 1737391150
40024 1737391151
40013 1737391152
40018 1737391153
40015 1737391154
40026 1737391155
40017 1737391156
40021 1737391157
40026 1737391158
40015 1737391159
40019 1737391160
40019 1737391161
40013 1737391162
40019 1737391164
40020 1737391165
40029 1737391166
40014 1737391167
40027 1737391168
40022 1737391169
40023 1737391170
440 1737391170
40016 1737391171
40024 1737391172
40019 1737391173
40030 1737391174
40024 1737391175
40021 1737391176
40023 1737391177
40023 1737391178
40028 1737391179
40016 1737391180
40026 1737391181
40028 1737391182
40019 1737391183
40018 1737391184
40019 1737391185
40019 1737391186
40026 1737391187
40024 1737391188
40030 1737391189
40022 1737391190
40026 1737391191
40020 1737391192
40019 1737391193
480 1737391193
40027 1737391194
40024 1737391195
40035 1737391196
40026 1737391197
40026 1737391198
40020 1737391199
40023 1737391200
40022 1737391201
40019 1737391202
40027 1737391203
40028 1737391204
40019 1737391205
40019 1737391206
40027 1737391207
40026 1737391208
40022 1737391209
40024 1737391210
40019 1737391211
40021 1737391212
40030 1737391213
40018 1737391214
40022 1737391215
40020 1737391216
40029 1737391217
5340 1737391217
40027 1737391218
40022 1737391219
40019 1737391220
40025 1737391221
40021 1737391222
40025 1737391223
40017 1737391224
40024 1737391225
40032 1737391226
40020 1737391227
40032 1737391228
40018 1737391229
40018 1737391230
40016 1737391231
40020 1737391232
40030 1737391233
40020 1737391234
40019 1737391235
40019 1737391236
40024 1737391237
40016 1737391238
40022 1737391239
40023 1737391240
40016 1737391241
40020 1737391242
40026 1737391243
40018 1737391244
40019 1737391245
40017 1737391246
40017 1737391247
40021 1737391248
40026 1737391249
40022 1737391250
40022 1737391251
40030 1737391252
40019 1737391253
40028 1737391254
40020 1737391255
40030 1737391256
40023 1737391257
40021 1737391258
40022 1737391259
4660 1737391259
40023 1737391260
40021 1737391261
40021 1737391262
40028 1737391263
40017 1737391264
40010 1737391265
40019 1737391266
40032 1737391267
40016 1737391268
40035 1737391269
40020 1737391270
40022 1737391271
40023 1737391272
40026 1737391273
40029 1737391274
40023 1737391275
40028 1737391276
40023 1737391277
40019 1737391278
40028 1737391279
40021 1737391280
40020 1737391281
40018 1737391282
40017 1737391283
40022 1737391284
40024 1737391285
40031 1737391286
40014 1737391287
40020 1737391288
40017 1737391289
40019 1737391290
40015 1737391291
40024 1737391292
40017 1737391293
40032 1737391294
40022 1737391295
40022 1737391296
40029 1737391297
40019 1737391298
40017 1737391299
40016 1737391300
40025 1737391301
40021 1737391302
40031 1737391303
40020 1737391305
40017 1737391306
40025 1737391307
40025 1737391308
40021 1737391309
40025 1737391310
40014 1737391311
40023 1737391312
40032 1737391313
40023 1737391314
40022 1737391315
40021 1737391316
40018 1737391317
40020 1737391318
40024 1737391319
40025 1737391320
40017 1737391321
40022 1737391322
40014 1737391323
40017 1737391324
6360 1737391324
40022 1737391325
40024 1737391326
40015 1737391327
40017 1737391328
1040 1737391329
40020 1737391329
40012 1737391330
40016 1737391331
40021 1737391332
40018 1737391333
40019 1737391334
40022 1737391335
40016 1737391336
40017 1737391337
40023 1737391338
40025 1737391339
40026 1737391340
40014 1737391341
40024 1737391342
40013 1737391343
40026 1737391344
40023 1737391345
40018 1737391346
40013 1737391347
40025 1737391348
40028 1737391349
40022 1737391350
40022 1737391351
40024 1737391352
40015 1737391353
40020 1737391354
40022 1737391355
40018 1737391356
40026 1737391357
40022 1737391358
40016 1737391359
40022 1737391360
40017 1737391361
40022 1737391362
40027 1737391363
40016 1737391364
40018 1737391365
40029 1737391366
40028 1737391367
40021 1737391368
40027 1737391369
220 1737391369
40016 1737391370
40022 1737391371
40012 1737391372
40015 1737391373
40026 1737391374
40030 1737391375
40020 1737391376
40027 1737391377
40018 1737391378
40020 1737391379
40025 1737391380
40024 1737391381
40021 1737391382
40018 1737391383
40029 1737391384
40025 1737391385
40019 1737391386
40019 1737391387
40021 1737391388
1120 1737391389
40030 1737391389
40014 1737391390
40015 1737391391
40019 1737391392
40030 1737391393
40034 1737391394
40023 1737391395
40026 1737391396
40025 1737391397
40029 1737391398
40018 1737391399
40024 1737391400
40026 1737391401
40015 1737391402
40021 1737391403
40023 1737391404
40021 1737391405
40022 1737391406
40019 1737391407
40019 1737391408
40025 1737391409
40024 1737391410
40026 1737391411
40013 1737391412
40021 1737391413
40023 1737391414
40018 1737391415
40013 1737391416
40013 1737391417
40026 1737391418
40023 1737391419
11740 1737391420
40026 1737391420
40024 1737391421
40019 1737391422
40023 1737391423
40028 1737391424
40023 1737391425
40018 1737391426
40023 1737391427
40028 1737391428
40022 1737391429
40030 1737391430
40025 1737391431
40016 1737391432
40021 1737391433
40024 1737391434
40020 1737391435
40021 1737391436
40019 1737391437
40021 1737391439
40020 1737391440
40019 1737391441
40019 1737391442
40024 1737391443
40024 1737391444
40015 1737391445
40033 1737391446
40027 1737391447
40026 1737391448
40029 1737391449
40025 1737391450
40023 1737391451
40018 1737391452
40017 1737391453
40022 1737391454
40029 1737391455
40031 1737391456
40027 1737391457
40019 1737391458
40019 1737391459
40026 1737391460
40023 1737391461
40026 1737391462
40030 1737391463
1940 1737391463
40020 1737391464
40014 1737391465
40028 1737391466
40017 1737391467
40026 1737391468
40030 1737391469
40018 1737391470
40027 1737391471
40024 1737391472
40020 1737391473
40020 1737391474
40018 1737391475
40033 1737391476
40020 1737391477
40023 1737391478
40024 1737391479
40026 1737391480
40023 1737391481
40023 1737391482
40019 1737391483
40018 1737391484
40024 1737391485
40022 1737391486
40016 1737391487
40017 1737391488
40028 1737391489
40015 1737391490
40030 1737391491
40019 1737391492
40030 1737391493
40024 1737391494
40018 1737391495
40014 1737391496
40016 1737391497
40016 1737391498
40021 1737391499
40025 1737391500
40035 1737391501
40020 1737391502
40016 1737391503
40017 1737391504
40025 1737391505
40023 1737391506
40022 1737391507
40018 1737391508
40015 1737391509
40017 1737391510
40022 1737391511
40020 1737391512
40021 1737391513
40030 1737391514
40031 1737391515
40026 1737391516
40031 1737391517
40025 1737391518
40022 1737391519
40023 1737391520
40023 1737391521
40020 1737391522
40020 1737391523
40018 1737391524
40027 1737391525
15020 1737391526
40018 1737391526
40025 1737391527
40027 1737391528
40027 1737391529
40024 1737391530
40028 1737391531
40015 1737391532
40023 1737391533
40015 1737391534
40029 1737391535
40022 1737391536
40025 1737391537
8080 1737391538
40024 1737391538
40021 1737391539
40022 1737391540
40021 1737391541
40018 1737391542
40028 1737391543
40023 1737391544
40027 1737391545
40025 1737391546
40020 1737391547
40020 1737391548
40023 1737391549
40026 1737391550
40017 1737391551
40024 1737391552
40028 1737391553
40024 1737391554
40031 1737391555
40019 1737391556
40022 1737391557
40027 1737391558
40021 1737391559
40 1737391559
40024 1737391560
40018 1737391561
40029 1737391562
40023 1737391563
40013 1737391564
40015 1737391565
40000 1737391566
40000 1737391567
40000 1737391568
40000 1737391569
40000 1737391570
40000 1737391571
40000 1737391572
40000 1737391573
40000 1737391574
40000 1737391575
40000 1737391576
40000 1737391577
40000 1737391578
40000 1737391579
40000 1737391580
40000 1737391581
40000 1737391582
40000 1737391583
40000 1737391584
40000 1737391585
40000 1737391587
40000 1737391588
40000 1737391589
40000 1737391590
40000 1737391591
40000 1737391592
40000 1737391593
40000 1737391594
40000 1737391595
40000 1737391596
40000 1737391597
40000 1737391598
40000 1737391599
40000 1737391600
40000 1737391601
40000 1737391602
40000 1737391603
40000 1737391604
40000 1737391605
40000 1737391606
40000 1737391607
40000 1737391608
40000 1737391609
40000 1737391610
40000 1737391611
40000 1737391612
40000 1737391613
40000 1737391614
40000 1737391615
40000 1737391616
40000 1737391617
40000 1737391618
40000 1737391619
40000 1737391620
40000 1737391621
40000 1737391622
40000 1737391623
40000 1737391624
40000 1737391625
40000 1737391626
40000 1737391627
40000 1737391628
40000 1737391629
40000 1737391630
40000 1737391631
40000 1737391632
40000 1737391633
40000 1737391634
40000 1737391635
