40000 1737388813
40000 1737388814
40007 1737388815
40002 1737388816
40003 1737388817
40005 1737388818
40003 1737388819
40003 1737388820
40002 1737388821
40001 1737388822
40002 1737388823
40004 1737388824
40002 1737388825
40001 1737388826
40004 1737388827
40004 1737388828
40005 1737388829
40003 1737388831
40006 1737388832
40002 1737388833
40002 1737388834
40000 1737388835
40004 1737388836
40006 1737388837
40004 1737388838
40004 1737388839
40004 1737388840
40004 1737388841
40003 1737388842
40002 1737388843
40001 1737388844
40001 1737388845
40001 1737388846
40000 1737388847
40003 1737388848
40002 1737388849
40005 1737388850
40001 1737388851
40003 1737388852
40003 1737388853
40000 1737388854
40005 1737388855
40002 1737388856
40004 1737388857
40002 1737388858
40004 1737388859
40004 1737388860
40004 1737388861
40003 1737388862
40002 1737388863
40003 1737388864
40005 1737388865
40003 1737388866
40001 1737388867
40004 1737388868
40003 1737388869
40005 1737388870
40003 1737388871
40004 1737388872
40002 1737388873
40006 1737388874
40003 1737388875
40005 1737388876
40003 1737388877
40005 1737388878
40002 1737388879
40004 1737388880
40004 1737388881
40001 1737388882
40005 1737388883
40008 1737388884
40004 1737388885
40001 1737388886
40005 1737388887
40008 1737388888
40004 1737388889
40004 1737388890
40004 1737388891
40001 1737388892
40001 1737388893
40002 1737388894
40003 1737388895
40003 1737388896
40001 1737388897
40001 1737388898
40002 1737388899
40001 1737388900
40003 1737388901
40000 1737388902
40002 1737388903
40005 1737388904
40004 1737388905
40003 1737388906
40006 1737388907
40004 1737388908
40004 1737388909
40003 1737388910
40002 1737388911
40003 1737388912
40002 1737388913
40001 1737388914
40004 1737388915
40001 1737388916
40001 1737388917
40005 1737388918
40003 1737388919
40005 1737388920
40001 1737388921
40001 1737388922
40003 1737388923
40004 1737388924
40005 1737388925
40006 1737388926
40006 1737388927
40004 1737388928
40002 1737388929
40000 1737388930
40003 1737388931
40002 1737388932
40004 1737388933
40003 1737388934
40004 1737388935
40001 1737388936
40001 1737388937
40003 1737388938
40005 1737388939
40002 1737388940
40000 1737388941
40003 1737388942
40003 1737388943
40001 1737388944
40003 1737388945
40001 1737388946
40008 1737388947
40003 1737388948
40002 1737388949
40003 1737388950
40001 1737388951
40004 1737388952
40005 1737388953
40005 1737388954
40005 1737388955
40002 1737388956
40001 1737388957
40005 1737388958
40004 1737388959
40004 1737388960
40001 1737388961
40003 1737388962
40001 1737388963
40005 1737388964
40001 1737388965
40004 1737388966
40004 1737388967
40002 1737388968
40004 1737388969
40001 1737388970
40005 1737388971
40002 1737388972
40002 1737388973
40004 1737388974
40002 1737388975
40000 1737388976
40002 1737388977
40004 1737388978
40004 1737388979
40002 1737388980
40002 1737388981
40004 1737388982
40004 1737388983
40001 1737388984
40002 1737388985
40003 1737388986
40002 1737388987
40001 1737388988
40003 1737388989
40003 1737388990
60 1737388991
40007 1737388991
40005 1737388992
40000 1737388993
40001 1737388994
40002 1737388995
40002 1737388996
40001 1737388998
40004 1737388999
40005 1737389000
40005 1737389001
40002 1737389002
40002 1737389003
40001 1737389004
40003 1737389005
40001 1737389006
40004 1737389007
40005 1737389008
40003 1737389009
40004 1737389010
40001 1737389011
40006 1737389012
40006 1737389013
40005 1737389014
40000 1737389015
40002 1737389016
40001 1737389017
40008 1737389018
40003 1737389019
40004 1737389020
40002 1737389021
40002 1737389022
40002 1737389023
40006 1737389024
40001 1737389025
40001 1737389026
40006 1737389027
40005 1737389028
40005 1737389029
40006 1737389030
40001 1737389031
40002 1737389032
40003 1737389033
40007 1737389034
40003 1737389035
40003 1737389036
40006 1737389037
40006 1737389038
40001 1737389039
40004 1737389040
40002 1737389041
40002 1737389042
40005 1737389043
40005 1737389044
40003 1737389045
40003 1737389046
40003 1737389047
40003 1737389048
40002 1737389049
40007 1737389050
40001 1737389051
40002 1737389052
40003 1737389053
40004 1737389054
40001 1737389055
40002 1737389056
40003 1737389057
40004 1737389058
40004 1737389059
40005 1737389060
40003 1737389061
40004 1737389062
40002 1737389063
40004 1737389064
40002 1737389065
40003 1737389066
40001 1737389067
40002 1737389068
40002 1737389069
40001 1737389070
40003 1737389071
40000 1737389072
40001 1737389073
40002 1737389074
40003 1737389075
40000 1737389076
40002 1737389077
40003 1737389078
40001 1737389079
40004 1737389080
40004 1737389081
40003 1737389082
40003 1737389083
40002 1737389084
40005 1737389085
40002 1737389086
40001 1737389087
40006 1737389088
40002 1737389089
40004 1737389090
40002 1737389091
40007 1737389092
40002 1737389093
40000 1737389094
40002 1737389095
40003 1737389096
40003 1737389097
40002 1737389098
40003 1737389099
40003 1737389100
40003 1737389101
40000 1737389102
40003 1737389103
40004 1737389104
40003 1737389105
40005 1737389106
40000 1737389107
40004 1737389108
40000 1737389109
40002 1737389110
40003 1737389111
40002 1737389112
40006 1737389113
40001 1737389114
40006 1737389115
40000 1737389116
40002 1737389117
40007 1737389118
40003 1737389119
40003 1737389120
40000 1737389121
40006 1737389122
40004 1737389123
40002 1737389124
40004 1737389125
40005 1737389126
40003 1737389127
40002 1737389128
40002 1737389129
40001 1737389130
40002 1737389131
40004 1737389132
40003 1737389133
40003 1737389134
40002 1737389135
40003 1737389136
40002 1737389137
40001 1737389138
40005 1737389139
40006 1737389140
40003 1737389141
40004 1737389142
40002 1737389143
40001 1737389144
40007 1737389145
40002 1737389146
40002 1737389147
40011 1737389148
40002 1737389149
40004 1737389150
40002 1737389151
40005 1737389153
40003 1737389154
40002 1737389155
40004 1737389156
40004 1737389157
40005 1737389158
40004 1737389159
40004 1737389160
40000 1737389161
40002 1737389162
40005 1737389163
40004 1737389164
40001 1737389165
40002 1737389166
40006 1737389167
40007 1737389168
40000 1737389169
40006 1737389170
40005 1737389171
40001 1737389172
40004 1737389173
40001 1737389174
2220 1737389174
40003 1737389175
40001 1737389176
40002 1737389177
40002 1737389178
40002 1737389179
40003 1737389180
40002 1737389181
40003 1737389182
40002 1737389183
40002 1737389184
40008 1737389185
40004 1737389186
40003 1737389187
40002 1737389188
40004 1737389189
40003 1737389190
40006 1737389191
40004 1737389192
40005 1737389193
40000 1737389194
40004 1737389195
40002 1737389196
40002 1737389197
40002 1737389198
40003 1737389199
40004 1737389200
40003 1737389201
40005 1737389202
40003 1737389203
40002 1737389204
40003 1737389205
40002 1737389206
40003 1737389207
40004 1737389208
40003 1737389209
40002 1737389210
40004 1737389211
40003 1737389212
40004 1737389213
40004 1737389214
40004 1737389215
40006 1737389216
40006 1737389217
40004 1737389218
40002 1737389219
40001 1737389220
40003 1737389221
40005 1737389222
40003 1737389223
40005 1737389224
40005 1737389225
40003 1737389226
40003 1737389227
40003 1737389228
40003 1737389229
40001 1737389230
40007 1737389231
40004 1737389232
40005 1737389233
40002 1737389234
40001 1737389235
40003 1737389236
40001 1737389237
40001 1737389238
40004 1737389239
40010 1737389240
40002 1737389241
40001 1737389242
40005 1737389243
40004 1737389244
40003 1737389245
40002 1737389246
40004 1737389247
40001 1737389248
40001 1737389249
40002 1737389250
40004 1737389251
40004 1737389252
40004 1737389253
40001 1737389254
40002 1737389255
40000 1737389256
40002 1737389257
40005 1737389258
40001 1737389259
40001 1737389260
40003 1737389261
40006 1737389262
40002 1737389263
40006 1737389264
40003 1737389265
40004 1737389266
40002 1737389267
40003 1737389268
40002 1737389269
40007 1737389270
40004 1737389271
40008 1737389272
40004 1737389273
40004 1737389274
40004 1737389275
40003 1737389276
40004 1737389277
40001 1737389278
40003 1737389279
40001 1737389280
40004 1737389281
40000 1737389282
40001 1737389283
40004 1737389284
40002 1737389285
40003 1737389286
40004 1737389287
40003 1737389288
40002 1737389289
40003 1737389290
1920 1737389291
40003 1737389291
40001 1737389292
40003 1737389293
40001 1737389294
40002 1737389295
40005 1737389296
40004 1737389297
40006 1737389298
40005 1737389299
40002 1737389300
40003 1737389301
40002 1737389302
40005 1737389303
40002 1737389304
40003 1737389305
40004 1737389306
40002 1737389307
40003 1737389308
40002 1737389309
40003 1737389310
40004 1737389311
2300 1737389312
40007 1737389312
40002 1737389313
40005 1737389314
40004 1737389315
1720 1737389316
40004 1737389316
40001 1737389317
40003 1737389318
40001 1737389319
40005 1737389320
40003 1737389321
40001 1737389323
40001 1737389324
40002 1737389325
40003 1737389326
40004 1737389327
40004 1737389328
40002 1737389329
40004 1737389330
40004 1737389331
40004 1737389332
40005 1737389333
40006 1737389334
40003 1737389335
40003 1737389336
40002 1737389337
40008 1737389338
40003 1737389339
40005 1737389340
40004 1737389341
40004 1737389342
1340 1737389342
40004 1737389343
40000 1737389344
40005 1737389345
940 1737389345
40002 1737389346
40007 1737389347
40001 1737389348
40004 1737389349
40002 1737389350
40004 1737389351
40003 1737389352
40001 1737389353
40007 1737389354
40001 1737389355
40005 1737389356
40001 1737389357
40002 1737389358
40001 1737389359
40004 1737389360
40001 1737389361
40005 1737389362
40003 1737389363
40002 1737389364
40003 1737389365
40007 1737389366
40005 1737389367
40006 1737389368
40001 1737389369
40005 1737389370
40002 1737389371
40003 1737389372
40004 1737389373
40003 1737389374
40007 1737389375
40002 1737389376
40000 1737389377
40003 1737389378
40002 1737389379
40002 1737389380
720 1737389381
40005 1737389381
40000 1737389382
40001 1737389383
40005 1737389384
40005 1737389385
40004 1737389386
40005 1737389387
40006 1737389388
40001 1737389389
40001 1737389390
40004 1737389391
40001 1737389392
40002 1737389393
40007 1737389394
40001 1737389395
40005 1737389396
40000 1737389397
40002 1737389398
40002 1737389399
40002 1737389400
40005 1737389401
40005 1737389402
40003 1737389403
40004 1737389404
40001 1737389405
40004 1737389406
40003 1737389407
40002 1737389408
40006 1737389409
40000 1737389410
40005 1737389411
40003 1737389412
40007 1737389413
40001 1737389414
40003 1737389415
40005 1737389416
40001 1737389417
40000 1737389418
40000 1737389419
40000 1737389420
40000 1737389421
40000 1737389422
40000 1737389423
40000 1737389424
40000 1737389425
40000 1737389426
40000 1737389427
40000 1737389428
40000 1737389429
40000 1737389430
40000 1737389431
40000 1737389432
40000 1737389433
40000 1737389434
40000 1737389435
40000 1737389436
40000 1737389437
40000 1737389438
40000 1737389439
40000 1737389440
40000 1737389441
40000 1737389442
40000 1737389443
40000 1737389444
40000 1737389445
40000 1737389446
40000 1737389447
40000 1737389448
40000 1737389449
40000 1737389450
40000 1737389451
40000 1737389452
40000 1737389453
40000 1737389454
40000 1737389455
40000 1737389456
40000 1737389457
40000 1737389458
40000 1737389459
40000 1737389460
40000 1737389461
40000 1737389462
40000 1737389463
40000 1737389464
40000 1737389465
40000 1737389466
40000 1737389467
40000 1737389468
40000 1737389469
40000 1737389470
40000 1737389471
40000 1737389472
40000 1737389473
40000 1737389474
40000 1737389475
40000 1737389476
40000 1737389477
40000 1737389478
40000 1737389479
40000 1737389480
40000 1737389481
40000 1737389482
40000 1737389483
40000 1737389484
40000 1737389485
40000 1737389486
40000 1737389487
40000 1737389488
40000 1737389489
40000 1737389490
40000 1737389491
40000 1737389492
40000 1737389493
40000 1737389494
40000 1737389495
40000 1737389496
40000 1737389497
40000 1737389498
40000 1737389499
40000 1737389500
40000 1737389501
40000 1737389502
40000 1737389503
40000 1737389505
40000 1737389506
