40000 1737390186
40000 1737390187
40007 1737390188
40011 1737390189
40006 1737390190
40009 1737390191
40011 1737390192
40011 1737390193
40007 1737390194
40008 1737390195
40007 1737390196
40007 1737390197
40006 1737390198
40010 1737390199
40005 1737390200
40005 1737390201
40005 1737390202
40005 1737390203
40012 1737390204
40008 1737390205
40004 1737390206
40006 1737390207
40009 1737390208
40008 1737390209
40008 1737390210
40007 1737390211
40004 1737390212
40004 1737390213
40004 1737390214
40011 1737390215
40005 1737390216
40010 1737390217
40012 1737390218
40009 1737390219
40011 1737390220
40009 1737390221
40011 1737390222
40005 1737390224
40006 1737390225
40008 1737390226
40008 1737390227
40010 1737390228
40005 1737390229
40009 1737390230
40008 1737390231
40004 1737390232
40004 1737390233
40005 1737390234
40012 1737390235
40007 1737390236
40008 1737390237
40009 1737390238
40007 1737390239
40008 1737390240
40004 1737390241
40007 1737390242
40003 1737390243
40013 1737390244
40008 1737390245
40008 1737390246
40003 1737390247
40009 1737390248
40005 1737390249
40002 1737390250
40008 1737390251
40012 1737390252
40011 1737390253
40014 1737390254
40003 1737390255
40005 1737390256
40009 1737390257
40007 1737390258
40004 1737390259
40007 1737390260
40006 1737390261
40008 1737390262
40008 1737390263
40005 1737390264
40006 1737390265
40012 1737390266
40007 1737390267
40007 1737390268
40010 1737390269
40008 1737390270
40006 1737390271
40006 1737390272
40007 1737390273
40009 1737390274
40007 1737390275
40003 1737390276
40008 1737390277
40009 1737390278
40004 1737390279
40005 1737390280
40009 1737390281
40005 1737390282
40003 1737390283
40004 1737390284
40009 1737390285
40007 1737390286
40003 1737390287
40005 1737390288
40008 1737390289
40005 1737390290
40003 1737390291
40010 1737390292
40013 1737390293
40005 1737390294
40008 1737390295
40010 1737390296
40009 1737390297
40007 1737390298
40009 1737390299
40007 1737390300
40007 1737390301
40006 1737390302
40005 1737390303
40006 1737390304
40009 1737390305
40006 1737390306
40006 1737390307
40009 1737390308
40009 1737390309
40009 1737390310
40012 1737390311
40006 1737390312
40006 1737390313
40004 1737390314
40006 1737390315
40004 1737390316
40004 1737390317
520 1737390317
40013 1737390318
40008 1737390319
40008 1737390320
40008 1737390321
40008 1737390322
40008 1737390323
40001 1737390324
40005 1737390325
40009 1737390326
40006 1737390327
40006 1737390328
40003 1737390329
40003 1737390330
40006 1737390331
40011 1737390332
40004 1737390333
40007 1737390334
40007 1737390335
40006 1737390336
40006 1737390337
40010 1737390338
40008 1737390339
40013 1737390340
40013 1737390341
40006 1737390342
40011 1737390343
40005 1737390344
40003 1737390345
40006 1737390346
40013 1737390347
40005 1737390348
40009 1737390349
40008 1737390350
40009 1737390351
40007 1737390352
40010 1737390353
40008 1737390354
40006 1737390355
40007 1737390356
40008 1737390357
40001 1737390358
40008 1737390359
40004 1737390360
40004 1737390361
40008 1737390362
40008 1737390363
40005 1737390364
40011 1737390365
40012 1737390366
40006 1737390367
40011 1737390368
40008 1737390369
40008 1737390370
40008 1737390371
40006 1737390372
40006 1737390373
40005 1737390374
40005 1737390375
40003 1737390376
40004 1737390378
40005 1737390379
40007 1737390380
40007 1737390381
40010 1737390382
40006 1737390383
40008 1737390384
40010 1737390385
40005 1737390386
40006 1737390387
40005 1737390388
40003 1737390389
40010 1737390390
40004 1737390391
40007 1737390392
40010 1737390393
40010 1737390394
40006 1737390395
40005 1737390396
40012 1737390397
40008 1737390398
40012 1737390399
40011 1737390400
40012 1737390401
40012 1737390402
40004 1737390403
40007 1737390404
40009 1737390405
40005 1737390406
40005 1737390407
40007 1737390408
40012 1737390409
40007 1737390410
40013 1737390411
40010 1737390412
40004 1737390413
40010 1737390414
40007 1737390415
1840 1737390415
40011 1737390416
40007 1737390417
40007 1737390418
40006 1737390419
40004 1737390420
40007 1737390421
40004 1737390422
40005 1737390423
40008 1737390424
40003 1737390425
40006 1737390426
40010 1737390427
40003 1737390428
40009 1737390429
40006 1737390430
40007 1737390431
3600 1737390432
40008 1737390432
40006 1737390433
40006 1737390434
40009 1737390435
40013 1737390436
40011 1737390437
40010 1737390438
40011 1737390439
40004 1737390440
40008 1737390441
40005 1737390442
6940 1737390442
40013 1737390443
40007 1737390444
40002 1737390445
40008 1737390446
40006 1737390447
40012 1737390448
40012 1737390449
40011 1737390450
40004 1737390451
40012 1737390452
40005 1737390453
40011 1737390454
40011 1737390455
40005 1737390456
40008 1737390457
40008 1737390458
40005 1737390459
40006 1737390460
40007 1737390461
40008 1737390462
40005 1737390463
40005 1737390464
40002 1737390465
40009 1737390466
760 1737390467
40011 1737390467
40007 1737390468
40006 1737390469
40005 1737390470
40008 1737390471
40004 1737390472
40007 1737390473
40009 1737390474
40007 1737390475
40009 1737390476
40005 1737390477
40013 1737390478
40008 1737390479
40003 1737390480
40014 1737390481
40010 1737390482
40005 1737390483
40007 1737390484
40009 1737390485
40009 1737390486
40009 1737390487
40009 1737390488
40008 1737390489
40007 1737390490
40008 1737390491
40006 1737390492
40006 1737390493
40007 1737390494
860 1737390494
40008 1737390495
40005 1737390496
40005 1737390497
40007 1737390498
40007 1737390499
40005 1737390500
40004 1737390501
40004 1737390502
40005 1737390503
40009 1737390504
40004 1737390505
40007 1737390506
40010 1737390507
40008 1737390508
40009 1737390509
40009 1737390510
40005 1737390511
40009 1737390513
40008 1737390514
40007 1737390515
40010 1737390516
40004 1737390517
40007 1737390518
40005 1737390519
40005 1737390520
40005 1737390521
40004 1737390522
40007 1737390523
40003 1737390524
40005 1737390525
40009 1737390526
40005 1737390527
40006 1737390528
40008 1737390529
40007 1737390530
40006 1737390531
40007 1737390532
40007 1737390533
40005 1737390534
40006 1737390535
40005 1737390536
40009 1737390537
40003 1737390538
40007 1737390539
40004 1737390540
40010 1737390541
40010 1737390542
40010 1737390543
40003 1737390544
40008 1737390545
40002 1737390546
40010 1737390547
40010 1737390548
40012 1737390549
40007 1737390550
40004 1737390551
40007 1737390552
40003 1737390553
40008 1737390554
40005 1737390555
40007 1737390556
40011 1737390557
40008 1737390558
40012 1737390559
40008 1737390560
40009 1737390561
40004 1737390562
40005 1737390563
40004 1737390564
40012 1737390565
40009 1737390566
40010 1737390567
40009 1737390568
40004 1737390569
40007 1737390570
40010 1737390571
40007 1737390572
40006 1737390573
40003 1737390574
40011 1737390575
40004 1737390576
40007 1737390577
40006 1737390578
1680 1737390579
40014 1737390579
40009 1737390580
40008 1737390581
40008 1737390582
40005 1737390583
40010 1737390584
40011 1737390585
40006 1737390586
40009 1737390587
40014 1737390588
40008 1737390589
40003 1737390590
40013 1737390591
40005 1737390592
40010 1737390593
40009 1737390594
40005 1737390595
40006 1737390596
40009 1737390597
40005 1737390598
40009 1737390599
40007 1737390600
40005 1737390601
40007 1737390602
40009 1737390603
40006 1737390604
40003 1737390605
40005 1737390606
40008 1737390607
40011 1737390608
40006 1737390609
40011 1737390610
40006 1737390611
40007 1737390612
40008 1737390613
40008 1737390614
40014 1737390615
40006 1737390616
40004 1737390617
40004 1737390618
40006 1737390619
40009 1737390620
40011 1737390621
40003 1737390622
40008 1737390623
40004 1737390624
40012 1737390625
40005 1737390626
40005 1737390627
40006 1737390628
40005 1737390629
40008 1737390630
40009 1737390631
40004 1737390632
40005 1737390633
40007 1737390634
40010 1737390635
40006 1737390636
40006 1737390637
40007 1737390638
40011 1737390639
40005 1737390640
40004 1737390641
40005 1737390642
40005 1737390643
40006 1737390645
40007 1737390646
40007 1737390647
40015 1737390648
40003 1737390649
40004 1737390650
40008 1737390651
40005 1737390652
40007 1737390653
40011 1737390654
40012 1737390655
40009 1737390656
40009 1737390657
40010 1737390658
40007 1737390659
40003 1737390660
40005 1737390661
40010 1737390662
40007 1737390663
40005 1737390664
40006 1737390665
4960 1737390665
40009 1737390666
40010 1737390667
40008 1737390668
40006 1737390669
40007 1737390670
40009 1737390671
40003 1737390672
40004 1737390673
40011 1737390674
40004 1737390675
40009 1737390676
40005 1737390677
40008 1737390678
40007 1737390679
40003 1737390680
40004 1737390681
40010 1737390682
40005 1737390683
40009 1737390684
40005 1737390685
40004 1737390686
40008 1737390687
40004 1737390688
40008 1737390689
40004 1737390690
40010 1737390691
40009 1737390692
40006 1737390693
40009 1737390694
40006 1737390695
40008 1737390696
40009 1737390697
40006 1737390698
40009 1737390699
40004 1737390700
40014 1737390701
40007 1737390702
40011 1737390703
40006 1737390704
40006 1737390705
40009 1737390706
40008 1737390707
40007 1737390708
40007 1737390709
40005 1737390710
40008 1737390711
40005 1737390712
40004 1737390713
40004 1737390714
40010 1737390715
40009 1737390716
40014 1737390717
40006 1737390718
1240 1737390718
40007 1737390719
40005 1737390720
40009 1737390721
40005 1737390722
40005 1737390723
40004 1737390724
40011 1737390725
40007 1737390726
1340 1737390727
40006 1737390727
40011 1737390728
40005 1737390729
40006 1737390730
40003 1737390731
40006 1737390732
40011 1737390733
40010 1737390734
4620 1737390734
40010 1737390735
40012 1737390736
40006 1737390737
40005 1737390738
40010 1737390739
40004 1737390740
40005 1737390741
40008 1737390742
40009 1737390743
40014 1737390744
40006 1737390745
40009 1737390746
40006 1737390747
40009 1737390748
40008 1737390749
40008 1737390750
40013 1737390751
40009 1737390752
40008 1737390753
40007 1737390754
520 1737390755
40007 1737390755
40008 1737390756
40010 1737390757
40008 1737390758
40003 1737390759
40006 1737390760
40009 1737390761
40015 1737390762
40012 1737390763
40010 1737390764
40005 1737390765
40010 1737390766
40003 1737390767
40004 1737390768
40008 1737390769
40007 1737390770
40004 1737390771
40003 1737390772
40006 1737390773
40011 1737390774
3560 1737390775
40008 1737390775
40005 1737390776
40011 1737390777
40005 1737390778
40006 1737390779
40007 1737390780
40010 1737390781
40008 1737390782
40011 1737390783
40009 1737390784
40009 1737390785
40009 1737390786
40008 1737390787
40004 1737390788
40010 1737390789
40001 1737390790
40000 1737390791
40000 1737390792
40000 1737390793
40000 1737390794
40000 1737390795
40000 1737390796
40000 1737390797
40000 1737390798
40000 1737390799
40000 1737390801
40000 1737390802
40000 1737390803
40000 1737390804
40000 1737390805
40000 1737390806
40000 1737390807
40000 1737390808
40000 1737390809
40000 1737390810
40000 1737390811
40000 1737390812
40000 1737390813
40000 1737390814
40000 1737390815
40000 1737390816
40000 1737390817
40000 1737390818
40000 1737390819
40000 1737390820
40000 1737390821
40000 1737390822
40000 1737390823
40000 1737390824
40000 1737390825
40000 1737390826
40000 1737390827
40000 1737390828
40000 1737390829
40000 1737390830
40000 1737390831
40000 1737390832
40000 1737390833
40000 1737390834
40000 1737390835
40000 1737390836
40000 1737390837
40000 1737390838
40000 1737390839
40000 1737390840
40000 1737390841
40000 1737390842
40000 1737390843
40000 1737390844
40000 1737390845
40000 1737390846
40000 1737390847
40000 1737390848
40000 1737390849
40000 1737390850
40000 1737390851
40000 1737390852
40000 1737390853
40000 1737390854
40000 1737390855
40000 1737390856
40000 1737390857
40000 1737390858
40000 1737390859
40000 1737390860
40000 1737390861
40000 1737390862
40000 1737390863
40000 1737390864
40000 1737390865
40000 1737390866
40000 1737390867
40000 1737390868
40000 1737390869
40000 1737390870
40000 1737390871
40000 1737390872
40000 1737390873
40000 1737390874
40000 1737390875
40000 1737390876
40000 1737390877
40000 1737390878
40000 1737390879
40000 1737390880
40000 1737390881
40000 1737390882
40000 1737390883
40000 1737390884
40000 1737390885
40000 1737390886
40000 1737390887
40000 1737390888
40000 1737390889
40000 1737390890
40000 1737390891
40000 1737390892
40000 1737390893
40000 1737390894
40000 1737390895
40000 1737390896
40000 1737390897
40000 1737390898
40000 1737390899
40000 1737390900
40000 1737390901
40000 1737390902
40000 1737390903
40000 1737390904
40000 1737390905
40000 1737390906
40000 1737390907
40000 1737390908
40000 1737390909
