40000 1737391643
40000 1737391644
40010 1737391645
40003 1737391646
40003 1737391647
40004 1737391648
40006 1737391649
40005 1737391650
40001 1737391651
40002 1737391652
40004 1737391653
40004 1737391654
40005 1737391655
40004 1737391656
40005 1737391657
40008 1737391658
40003 1737391659
40004 1737391660
40003 1737391661
40003 1737391662
40006 1737391663
40009 1737391664
40003 1737391665
40004 1737391666
40004 1737391667
40002 1737391668
40003 1737391669
40001 1737391670
40006 1737391671
40006 1737391672
40005 1737391673
40004 1737391674
40004 1737391675
40005 1737391676
40002 1737391677
40004 1737391678
40003 1737391679
40000 1737391680
40003 1737391681
40004 1737391682
40007 1737391684
40005 1737391685
40004 1737391686
40004 1737391687
40004 1737391688
40003 1737391689
40006 1737391690
40004 1737391691
40003 1737391692
40004 1737391693
40005 1737391694
40008 1737391695
40008 1737391696
40004 1737391697
40003 1737391698
40002 1737391699
40003 1737391700
40004 1737391701
40003 1737391702
40008 1737391703
40006 1737391704
40003 1737391705
40003 1737391706
40005 1737391707
40005 1737391708
40003 1737391709
40005 1737391710
40006 1737391711
40003 1737391712
40003 1737391713
40003 1737391714
40003 1737391715
40001 1737391716
40004 1737391717
40006 1737391718
40008 1737391719
40007 1737391720
40005 1737391721
40006 1737391722
40006 1737391723
40006 1737391724
40003 1737391725
40006 1737391726
40004 1737391727
40005 1737391728
40000 1737391729
40004 1737391730
40006 1737391731
40008 1737391732
40002 1737391733
40004 1737391734
40003 1737391735
40003 1737391736
40004 1737391737
40006 1737391738
40006 1737391739
40007 1737391740
40006 1737391741
40003 1737391742
40001 1737391743
40002 1737391744
40005 1737391745
40004 1737391746
40004 1737391747
40003 1737391748
40000 1737391749
40004 1737391750
40003 1737391751
40005 1737391752
40008 1737391753
40004 1737391754
40005 1737391755
40003 1737391756
40004 1737391757
40001 1737391758
40002 1737391759
40003 1737391760
40005 1737391761
40005 1737391762
40007 1737391763
40005 1737391764
40004 1737391765
40002 1737391766
40004 1737391767
40002 1737391768
40002 1737391769
40003 1737391770
40004 1737391771
40003 1737391772
40008 1737391773
40002 1737391774
40005 1737391775
40004 1737391776
40004 1737391777
40003 1737391778
40008 1737391779
40004 1737391780
40003 1737391781
40002 1737391782
40005 1737391783
40004 1737391784
40002 1737391785
860 1737391785
780 1737391785
40007 1737391786
40003 1737391787
5260 1737391788
40006 1737391788
40002 1737391789
40008 1737391790
40001 1737391791
40006 1737391792
40007 1737391793
40003 1737391794
40003 1737391795
40007 1737391796
40002 1737391797
40003 1737391798
40003 1737391799
40005 1737391800
40006 1737391801
40005 1737391802
40003 1737391803
40008 1737391804
40003 1737391805
40003 1737391806
40011 1737391807
40004 1737391808
40003 1737391809
40005 1737391810
40005 1737391811
40006 1737391812
40004 1737391813
40005 1737391814
40004 1737391815
40004 1737391816
40006 1737391817
40002 1737391818
40003 1737391819
40004 1737391820
40001 1737391821
40002 1737391822
40003 1737391823
40003 1737391824
40004 1737391825
40004 1737391826
40000 1737391827
40006 1737391828
40002 1737391829
40005 1737391830
40005 1737391831
40006 1737391832
40006 1737391833
40008 1737391834
40004 1737391835
40004 1737391836
40004 1737391837
40005 1737391838
40003 1737391839
40004 1737391840
40001 1737391841
40003 1737391842
40003 1737391844
40002 1737391845
40006 1737391846
40007 1737391847
40005 1737391848
40003 1737391849
40002 1737391850
40004 1737391851
40004 1737391852
40005 1737391853
40005 1737391854
40006 1737391855
40003 1737391856
40007 1737391857
40008 1737391858
40001 1737391859
40002 1737391860
40003 1737391861
40001 1737391862
40005 1737391863
40006 1737391864
40002 1737391865
40002 1737391866
40003 1737391867
40005 1737391868
40004 1737391869
40003 1737391870
40003 1737391871
40001 1737391872
40001 1737391873
40006 1737391874
40002 1737391875
40004 1737391876
40008 1737391877
40001 1737391878
40002 1737391879
40008 1737391880
40005 1737391881
40001 1737391882
40005 1737391883
40005 1737391884
40003 1737391885
40007 1737391886
40006 1737391887
40001 1737391888
40004 1737391889
40006 1737391890
40002 1737391891
40003 1737391892
40007 1737391893
40001 1737391894
40004 1737391895
40007 1737391896
40006 1737391897
40001 1737391898
40009 1737391899
40010 1737391900
40004 1737391901
40008 1737391902
40006 1737391903
40004 1737391904
40002 1737391905
40002 1737391906
40004 1737391907
40003 1737391908
40002 1737391909
40005 1737391910
40004 1737391911
40003 1737391912
40003 1737391913
40002 1737391914
40006 1737391915
40002 1737391916
40004 1737391917
40003 1737391918
40002 1737391919
40004 1737391920
40004 1737391921
40002 1737391922
40005 1737391923
40005 1737391924
40005 1737391925
40006 1737391926
40004 1737391927
40006 1737391928
40005 1737391929
40005 1737391930
40003 1737391931
40002 1737391932
40006 1737391933
40007 1737391934
40004 1737391935
40004 1737391936
40002 1737391937
40011 1737391938
40001 1737391939
40008 1737391940
40004 1737391941
40002 1737391942
40003 1737391943
40004 1737391944
40006 1737391945
40004 1737391946
40003 1737391947
40003 1737391948
1420 1737391949
40009 1737391949
4240 1737391950
40007 1737391950
40003 1737391951
40009 1737391952
40005 1737391953
40005 1737391954
40006 1737391955
40004 1737391956
40005 1737391957
40003 1737391958
40007 1737391959
40002 1737391960
40004 1737391961
40003 1737391962
40005 1737391963
40008 1737391964
40008 1737391965
40004 1737391966
40003 1737391967
40004 1737391968
40006 1737391969
40003 1737391970
40006 1737391971
40002 1737391972
40004 1737391973
40006 1737391974
40004 1737391975
40000 1737391976
40003 1737391977
40007 1737391978
40004 1737391979
40008 1737391980
40003 1737391981
5540 1737391982
40002 1737391982
40007 1737391983
40003 1737391984
40001 1737391985
40003 1737391986
40003 1737391987
40001 1737391988
40002 1737391989
40007 1737391990
40009 1737391991
40003 1737391992
40005 1737391993
40005 1737391994
40004 1737391995
40004 1737391996
40005 1737391997
40005 1737391998
40005 1737392000
40007 1737392001
40006 1737392002
40003 1737392003
40006 1737392004
40000 1737392005
40002 1737392006
40001 1737392007
40005 1737392008
40004 1737392009
40003 1737392010
40001 1737392011
40006 1737392012
40003 1737392013
40009 1737392014
40008 1737392015
40005 1737392016
40003 1737392017
40003 1737392018
40006 1737392019
40002 1737392020
40003 1737392021
40010 1737392022
40004 1737392023
40006 1737392024
40007 1737392025
40004 1737392026
40005 1737392027
40011 1737392028
40002 1737392029
40007 1737392030
40002 1737392031
40004 1737392032
40003 1737392033
40001 1737392034
40002 1737392035
40004 1737392036
40004 1737392037
40006 1737392038
40005 1737392039
40001 1737392040
40008 1737392041
40006 1737392042
40002 1737392043
40005 1737392044
40004 1737392045
40002 1737392046
40008 1737392047
40001 1737392048
40003 1737392049
40003 1737392050
40005 1737392051
40002 1737392052
40007 1737392053
40007 1737392054
40002 1737392055
40001 1737392056
40004 1737392057
40002 1737392058
40003 1737392059
40004 1737392060
40002 1737392061
40005 1737392062
40001 1737392063
40005 1737392064
40006 1737392065
40004 1737392066
40005 1737392067
40006 1737392068
40003 1737392069
40001 1737392070
40004 1737392071
40003 1737392072
40004 1737392073
40001 1737392074
40005 1737392075
40008 1737392076
40008 1737392077
40006 1737392078
40007 1737392079
40002 1737392080
40004 1737392081
40002 1737392082
40001 1737392083
40009 1737392084
40006 1737392085
40004 1737392086
40004 1737392087
40002 1737392088
40004 1737392089
40002 1737392090
40006 1737392091
40005 1737392092
40005 1737392093
40005 1737392094
40006 1737392095
40001 1737392096
40005 1737392097
40006 1737392098
40005 1737392099
40002 1737392100
40004 1737392101
40004 1737392102
40009 1737392103
40007 1737392104
40005 1737392105
40008 1737392106
40006 1737392107
40004 1737392108
40002 1737392109
40004 1737392110
40002 1737392111
40004 1737392112
40003 1737392113
40003 1737392114
40005 1737392115
40004 1737392116
40003 1737392117
40006 1737392118
40005 1737392119
40009 1737392120
40003 1737392121
40003 1737392122
40004 1737392123
40006 1737392124
40003 1737392125
40004 1737392126
40003 1737392127
40006 1737392128
40004 1737392129
40003 1737392130
40004 1737392131
40004 1737392132
40003 1737392133
40006 1737392134
40004 1737392135
40005 1737392136
40002 1737392137
40003 1737392138
40006 1737392139
40005 1737392140
40004 1737392141
40007 1737392142
40003 1737392143
40003 1737392144
40002 1737392145
40002 1737392146
40003 1737392147
40002 1737392148
40004 1737392149
40004 1737392151
40008 1737392152
40006 1737392153
40003 1737392154
40003 1737392155
40002 1737392156
40001 1737392157
40007 1737392158
40001 1737392159
40006 1737392160
40005 1737392161
40004 1737392162
40003 1737392163
40001 1737392164
40007 1737392165
40007 1737392166
40004 1737392167
40005 1737392168
40005 1737392169
40000 1737392170
40002 1737392171
40002 1737392172
40004 1737392173
40004 1737392174
40007 1737392175
2200 1737392175
40003 1737392176
40002 1737392177
40006 1737392178
40006 1737392179
40004 1737392180
40007 1737392181
40002 1737392182
40004 1737392183
40002 1737392184
40004 1737392185
40008 1737392186
40005 1737392187
40004 1737392188
40003 1737392189
40004 1737392190
40007 1737392191
40002 1737392192
40006 1737392193
40006 1737392194
40006 1737392195
40005 1737392196
40008 1737392197
40003 1737392198
40004 1737392199
40006 1737392200
40004 1737392201
40008 1737392202
40003 1737392203
40002 1737392204
40006 1737392205
40004 1737392206
40006 1737392207
40004 1737392208
40004 1737392209
40003 1737392210
40004 1737392211
40002 1737392212
40002 1737392213
40006 1737392214
40002 1737392215
40001 1737392216
1180 1737392217
40002 1737392217
40006 1737392218
40003 1737392219
40003 1737392220
500 1737392221
40002 1737392221
40001 1737392222
40008 1737392223
40001 1737392224
40004 1737392225
40008 1737392226
40004 1737392227
40005 1737392228
40002 1737392229
40005 1737392230
40004 1737392231
40006 1737392232
1000 1737392232
40006 1737392233
40004 1737392234
40002 1737392235
40005 1737392236
40003 1737392237
40004 1737392238
40002 1737392239
40003 1737392240
40004 1737392241
40004 1737392242
40002 1737392243
40005 1737392244
40001 1737392245
40001 1737392246
40003 1737392247
40006 1737392248
40005 1737392249
40005 1737392250
40004 1737392251
40001 1737392252
40004 1737392253
40003 1737392254
40000 1737392255
40006 1737392256
40002 1737392257
40004 1737392258
40007 1737392259
40005 1737392260
40006 1737392261
40004 1737392262
40002 1737392263
40002 1737392264
40003 1737392265
80 1737392266
40003 1737392266
40004 1737392267
40004 1737392268
40003 1737392269
40001 1737392270
40002 1737392271
40002 1737392272
40002 1737392273
40010 1737392274
40004 1737392275
40003 1737392276
40003 1737392277
40003 1737392278
40000 1737392279
40000 1737392280
40000 1737392281
40000 1737392283
40000 1737392284
40000 1737392285
40000 1737392286
40000 1737392287
40000 1737392288
40000 1737392289
40000 1737392290
40000 1737392291
40000 1737392292
40000 1737392293
40000 1737392294
40000 1737392295
40000 1737392296
40000 1737392297
40000 1737392298
40000 1737392299
40000 1737392300
40000 1737392301
40000 1737392302
40000 1737392303
40000 1737392304
40000 1737392305
40000 1737392306
40000 1737392307
40000 1737392308
40000 1737392309
40000 1737392310
40000 1737392311
40000 1737392312
40000 1737392313
40000 1737392314
40000 1737392315
40000 1737392316
40000 1737392317
40000 1737392318
