40000 1743074873
40000 1743074874
40001 1743074875
40000 1743074876
40000 1743074877
40000 1743074878
40000 1743074879
40000 1743074880
40001 1743074881
40000 1743074883
40001 1743074884
40000 1743074885
40000 1743074886
40000 1743074887
40000 1743074888
40000 1743074889
40000 1743074890
40000 1743074891
40000 1743074892
40000 1743074893
40000 1743074894
40000 1743074895
40000 1743074896
40000 1743074897
40000 1743074898
40000 1743074899
40000 1743074900
40000 1743074901
40000 1743074902
40000 1743074903
40000 1743074904
40001 1743074905
40000 1743074906
40000 1743074907
40000 1743074908
40000 1743074909
40000 1743074910
40000 1743074911
40001 1743074912
40001 1743074913
40000 1743074914
40000 1743074915
40002 1743074916
40000 1743074917
40000 1743074918
40000 1743074919
40000 1743074920
40000 1743074921
40000 1743074922
40000 1743074923
40000 1743074924
40000 1743074925
40000 1743074926
40000 1743074927
40000 1743074928
40000 1743074929
40000 1743074930
40000 1743074931
40000 1743074932
40000 1743074933
40000 1743074934
40000 1743074935
40000 1743074936
40000 1743074937
40000 1743074938
40000 1743074939
40000 1743074940
40000 1743074941
40000 1743074942
40000 1743074943
40000 1743074944
40000 1743074945
40000 1743074946
40000 1743074947
40000 1743074948
40000 1743074949
40000 1743074950
40000 1743074951
40001 1743074952
40001 1743074953
40000 1743074954
40000 1743074955
40000 1743074956
40000 1743074957
40000 1743074958
40000 1743074959
40000 1743074960
40000 1743074961
40000 1743074962
40000 1743074963
40000 1743074964
40000 1743074965
40000 1743074966
40000 1743074967
40000 1743074968
40000 1743074969
40000 1743074970
40000 1743074971
40000 1743074972
40000 1743074973
40000 1743074974
40000 1743074975
40000 1743074976
40000 1743074977
40000 1743074978
40000 1743074979
40000 1743074980
40000 1743074981
40000 1743074982
40000 1743074983
40001 1743074984
40000 1743074985
40000 1743074986
40000 1743074987
40000 1743074988
40000 1743074989
40000 1743074990
40000 1743074991
40000 1743074992
40001 1743074993
40000 1743074994
40000 1743074995
40000 1743074996
40000 1743074997
40000 1743074998
40000 1743074999
40000 1743075000
40000 1743075001
40000 1743075002
40000 1743075003
40000 1743075004
40000 1743075005
40000 1743075006
40000 1743075007
40000 1743075008
40000 1743075009
40000 1743075010
40000 1743075011
40000 1743075012
40000 1743075013
40000 1743075014
40000 1743075015
40000 1743075016
40001 1743075017
40000 1743075018
40000 1743075019
40001 1743075020
40000 1743075021
40000 1743075022
40000 1743075023
40000 1743075024
40000 1743075025
40000 1743075026
40000 1743075027
40000 1743075028
40000 1743075029
40000 1743075030
40000 1743075031
40000 1743075032
40000 1743075033
40000 1743075034
40000 1743075035
40000 1743075036
40000 1743075037
40000 1743075038
40000 1743075039
40000 1743075040
40000 1743075041
40000 1743075042
40000 1743075043
40000 1743075044
40000 1743075045
40000 1743075046
40000 1743075047
40000 1743075048
40000 1743075049
40000 1743075050
40000 1743075051
40000 1743075052
40000 1743075053
40000 1743075054
40000 1743075055
40000 1743075056
40000 1743075057
40000 1743075059
40000 1743075060
40000 1743075061
40000 1743075062
40000 1743075063
40000 1743075064
40000 1743075065
40000 1743075066
40000 1743075067
40000 1743075068
40001 1743075069
40000 1743075070
40000 1743075071
40000 1743075072
40000 1743075073
40000 1743075074
40000 1743075075
40000 1743075076
40000 1743075077
40000 1743075078
40000 1743075079
40000 1743075080
40000 1743075081
40000 1743075082
40000 1743075083
40000 1743075084
40000 1743075085
40000 1743075086
40000 1743075087
40000 1743075088
40001 1743075089
40000 1743075090
40000 1743075091
40000 1743075092
40000 1743075093
40000 1743075094
40001 1743075095
40000 1743075096
40000 1743075097
40000 1743075098
40000 1743075099
40000 1743075100
40000 1743075101
40000 1743075102
40000 1743075103
40000 1743075104
40000 1743075105
40000 1743075106
40001 1743075107
40000 1743075108
40001 1743075109
40000 1743075110
40000 1743075111
40000 1743075112
40000 1743075113
40000 1743075114
40000 1743075115
40001 1743075116
40000 1743075117
40000 1743075118
40000 1743075119
40000 1743075120
40000 1743075121
40000 1743075122
40000 1743075123
40000 1743075124
40000 1743075125
40000 1743075126
40000 1743075127
40000 1743075128
40000 1743075129
40000 1743075130
40000 1743075131
40000 1743075132
40000 1743075133
40000 1743075134
40000 1743075135
40000 1743075136
40000 1743075137
40000 1743075138
40000 1743075139
40001 1743075140
40000 1743075141
40000 1743075142
40000 1743075143
40000 1743075144
40001 1743075145
40000 1743075146
40001 1743075147
40001 1743075148
40000 1743075149
40000 1743075150
40000 1743075151
40000 1743075152
40000 1743075153
40000 1743075154
40000 1743075155
40000 1743075156
40000 1743075157
40001 1743075158
40000 1743075159
40000 1743075160
40000 1743075161
40000 1743075162
40000 1743075163
40001 1743075164
40000 1743075165
40000 1743075166
40000 1743075167
40000 1743075168
40000 1743075169
40000 1743075170
40000 1743075171
40000 1743075172
40000 1743075173
40000 1743075174
40000 1743075175
40001 1743075176
40000 1743075177
40001 1743075178
40000 1743075179
40000 1743075180
40000 1743075181
40000 1743075182
40000 1743075183
40000 1743075184
40000 1743075185
40000 1743075186
40000 1743075187
40000 1743075188
40000 1743075189
40000 1743075190
40000 1743075191
40000 1743075192
40000 1743075193
40000 1743075194
40000 1743075195
40000 1743075196
40000 1743075197
40000 1743075198
40000 1743075199
40000 1743075200
40000 1743075201
40000 1743075202
40000 1743075203
40000 1743075204
40000 1743075205
40000 1743075206
40000 1743075207
40000 1743075208
40000 1743075209
40000 1743075210
40000 1743075211
40000 1743075212
40001 1743075213
40000 1743075214
40000 1743075215
40000 1743075216
40000 1743075217
40000 1743075218
40000 1743075219
40000 1743075220
40000 1743075221
40000 1743075222
40000 1743075223
40000 1743075224
40000 1743075225
40000 1743075226
40000 1743075227
40000 1743075228
40000 1743075229
40000 1743075230
40000 1743075231
40000 1743075232
40000 1743075233
40000 1743075234
40000 1743075235
40000 1743075236
40000 1743075237
40000 1743075239
40000 1743075240
40000 1743075241
40000 1743075242
40000 1743075243
40000 1743075244
40000 1743075245
40000 1743075246
40000 1743075247
40000 1743075248
40000 1743075249
40000 1743075250
40000 1743075251
40000 1743075252
40000 1743075253
40000 1743075254
40000 1743075255
40000 1743075256
40000 1743075257
40000 1743075258
40000 1743075259
40000 1743075260
40000 1743075261
40000 1743075262
40000 1743075263
40000 1743075264
40001 1743075265
40001 1743075266
40000 1743075267
40001 1743075268
40000 1743075269
40000 1743075270
40000 1743075271
40001 1743075272
40000 1743075273
40000 1743075274
40000 1743075275
40000 1743075276
40006 1743075277
40000 1743075278
1800 1743075278
40002 1743075279
40003 1743075280
40002 1743075281
40002 1743075282
1840 1743075282
40006 1743075283
40003 1743075284
40003 1743075285
40002 1743075286
40004 1743075287
40004 1743075288
40000 1743075289
40006 1743075290
40002 1743075291
40002 1743075292
40006 1743075293
40003 1743075294
40003 1743075295
40002 1743075296
40005 1743075297
40004 1743075298
40004 1743075299
40004 1743075300
40004 1743075301
40002 1743075302
5660 1743075302
40005 1743075303
40006 1743075304
40002 1743075305
40004 1743075306
40001 1743075307
40002 1743075308
40002 1743075309
40003 1743075310
40004 1743075311
40004 1743075312
40004 1743075313
40002 1743075314
40007 1743075315
40002 1743075316
40006 1743075317
40010 1743075318
40001 1743075319
40005 1743075320
3560 1743075320
40009 1743075321
40004 1743075322
40002 1743075323
40005 1743075324
40005 1743075325
40001 1743075326
40005 1743075327
40004 1743075328
40004 1743075329
40005 1743075330
40004 1743075331
40001 1743075332
40002 1743075333
40002 1743075334
40003 1743075335
40001 1743075336
40004 1743075337
40002 1743075338
40008 1743075339
40002 1743075340
40003 1743075341
40003 1743075342
40002 1743075343
40002 1743075344
40004 1743075345
40006 1743075346
1800 1743075347
40004 1743075347
40004 1743075348
40003 1743075349
40002 1743075350
40002 1743075351
40005 1743075352
40004 1743075353
40003 1743075354
40003 1743075355
40007 1743075356
40005 1743075357
40006 1743075358
40007 1743075359
40002 1743075360
40007 1743075361
40002 1743075362
40001 1743075363
40004 1743075364
40005 1743075365
40003 1743075366
40002 1743075367
40005 1743075368
40006 1743075369
40005 1743075370
40006 1743075371
40001 1743075372
40004 1743075373
40001 1743075374
40004 1743075375
40003 1743075376
40003 1743075377
40006 1743075378
40003 1743075379
40005 1743075380
40001 1743075381
40004 1743075382
40004 1743075383
40003 1743075384
40004 1743075385
40004 1743075386
40004 1743075387
40003 1743075388
40001 1743075389
40002 1743075390
40006 1743075391
40004 1743075392
40004 1743075393
40002 1743075394
40004 1743075395
40003 1743075396
40003 1743075397
40003 1743075398
1000 1743075398
40007 1743075399
40003 1743075400
40002 1743075401
40003 1743075402
40003 1743075403
40004 1743075404
40000 1743075405
40005 1743075406
40004 1743075408
40003 1743075409
40002 1743075410
40004 1743075411
40005 1743075412
40002 1743075413
40004 1743075414
40006 1743075415
40003 1743075416
40003 1743075417
40005 1743075418
40002 1743075419
40003 1743075420
40002 1743075421
40003 1743075422
40004 1743075423
40000 1743075424
40005 1743075425
40004 1743075426
40002 1743075427
40003 1743075428
40005 1743075429
40005 1743075430
40004 1743075431
40003 1743075432
40005 1743075433
40001 1743075434
40001 1743075435
40006 1743075436
40001 1743075437
40006 1743075438
40003 1743075439
40001 1743075440
40000 1743075441
40003 1743075442
40006 1743075443
40004 1743075444
40004 1743075445
40003 1743075446
40004 1743075447
40004 1743075448
40002 1743075449
40004 1743075450
40002 1743075451
40000 1743075452
40005 1743075453
40006 1743075454
40005 1743075455
40002 1743075456
40004 1743075457
40003 1743075458
40002 1743075459
40010 1743075460
40002 1743075461
40008 1743075462
40003 1743075463
40004 1743075464
40004 1743075465
40005 1743075466
40000 1743075467
40006 1743075468
40004 1743075469
40005 1743075470
40004 1743075471
40002 1743075472
40003 1743075473
40005 1743075474
40003 1743075475
40001 1743075476
40004 1743075477
40007 1743075478
40001 1743075479
40004 1743075480
40003 1743075481
40003 1743075482
40004 1743075483
40001 1743075484
40003 1743075485
40002 1743075486
40003 1743075487
40002 1743075488
40008 1743075489
40004 1743075490
40005 1743075491
40005 1743075492
40004 1743075493
40002 1743075494
40001 1743075495
40004 1743075496
40001 1743075497
40006 1743075498
40002 1743075499
40003 1743075500
40001 1743075501
40009 1743075502
40004 1743075503
40005 1743075504
40004 1743075505
40002 1743075506
40004 1743075507
40003 1743075508
40004 1743075509
40005 1743075510
40004 1743075511
40001 1743075512
40002 1743075513
40002 1743075514
40004 1743075515
40005 1743075516
40002 1743075517
40008 1743075518
40003 1743075519
40001 1743075520
40004 1743075521
40000 1743075522
40005 1743075523
40003 1743075524
40003 1743075525
40009 1743075526
40004 1743075527
40005 1743075528
40005 1743075529
40001 1743075530
40001 1743075531
40003 1743075532
40002 1743075533
40003 1743075534
40006 1743075535
40005 1743075536
1760 1743075536
40005 1743075537
40002 1743075538
40004 1743075539
40004 1743075540
40002 1743075541
40001 1743075542
40005 1743075543
40004 1743075544
40004 1743075545
40002 1743075546
40003 1743075547
40003 1743075548
40003 1743075549
40002 1743075550
40005 1743075551
40001 1743075552
40002 1743075553
40001 1743075554
40005 1743075555
40003 1743075556
40007 1743075557
40002 1743075558
40003 1743075559
40004 1743075560
40006 1743075561
40009 1743075562
40003 1743075563
40001 1743075564
40004 1743075565
40002 1743075566
40005 1743075567
40003 1743075568
40006 1743075569
40002 1743075570
40010 1743075571
40006 1743075572
40005 1743075573
40001 1743075574
40003 1743075575
40004 1743075576
40003 1743075577
40005 1743075578
40004 1743075579
40005 1743075580
40004 1743075581
40005 1743075582
40004 1743075583
40005 1743075584
40005 1743075585
40002 1743075586
40002 1743075587
40004 1743075588
40003 1743075589
40005 1743075590
40003 1743075591
40008 1743075592
40003 1743075593
40002 1743075595
40003 1743075596
40004 1743075597
40002 1743075598
40005 1743075599
40006 1743075600
40001 1743075601
40002 1743075602
40002 1743075603
40006 1743075604
40002 1743075605
40003 1743075606
40003 1743075607
40002 1743075608
40003 1743075609
40002 1743075610
40007 1743075611
40003 1743075612
40005 1743075613
40007 1743075614
40003 1743075615
40006 1743075616
40003 1743075617
40007 1743075618
40002 1743075619
40004 1743075620
40007 1743075621
40004 1743075622
40005 1743075623
40004 1743075624
40001 1743075625
40004 1743075626
40006 1743075627
40004 1743075628
40004 1743075629
40002 1743075630
40003 1743075631
40002 1743075632
40004 1743075633
40005 1743075634
40005 1743075635
40007 1743075636
40005 1743075637
40005 1743075638
40002 1743075639
40002 1743075640
40003 1743075641
40004 1743075642
40005 1743075643
40002 1743075644
40004 1743075645
40003 1743075646
40002 1743075647
40002 1743075648
40006 1743075649
40003 1743075650
40004 1743075651
40003 1743075652
40000 1743075653
40003 1743075654
40001 1743075655
40001 1743075656
40004 1743075657
40006 1743075658
940 1743075658
40007 1743075659
40003 1743075660
40000 1743075661
40005 1743075662
40001 1743075663
40002 1743075664
40001 1743075665
40003 1743075666
40003 1743075667
40002 1743075668
40000 1743075669
40006 1743075670
40003 1743075671
40004 1743075672
40003 1743075673
40001 1743075674
40003 1743075675
40002 1743075676
40001 1743075677
40003 1743075678
40003 1743075679
40006 1743075680
40002 1743075681
40004 1743075682
40003 1743075683
40002 1743075684
40002 1743075685
40002 1743075686
40003 1743075687
40005 1743075688
40002 1743075689
40003 1743075690
40007 1743075691
40003 1743075692
40008 1743075693
40009 1743075694
40004 1743075695
40001 1743075696
40005 1743075697
40002 1743075698
40002 1743075699
40006 1743075700
40005 1743075701
40004 1743075702
40003 1743075703
40003 1743075704
40004 1743075705
40004 1743075706
40004 1743075707
40002 1743075708
40005 1743075709
40004 1743075710
40005 1743075711
40004 1743075712
40005 1743075713
40003 1743075714
40005 1743075715
40005 1743075716
40008 1743075717
40004 1743075718
40003 1743075719
40004 1743075720
40004 1743075721
40004 1743075722
40003 1743075723
40002 1743075724
40004 1743075725
40004 1743075726
40001 1743075727
40006 1743075728
40005 1743075729
40004 1743075730
40003 1743075731
40002 1743075732
40004 1743075733
11280 1743075734
40001 1743075734
40004 1743075735
40003 1743075736
40004 1743075737
40005 1743075738
40003 1743075739
40002 1743075740
40005 1743075741
40004 1743075742
40006 1743075743
40003 1743075744
40002 1743075745
40005 1743075746
40002 1743075747
40005 1743075748
40001 1743075749
40006 1743075750
40002 1743075751
40004 1743075752
40003 1743075753
40006 1743075754
40005 1743075755
1860 1743075756
40005 1743075756
40002 1743075757
40005 1743075758
40004 1743075759
40005 1743075760
40004 1743075761
40006 1743075762
40001 1743075763
40001 1743075764
40006 1743075765
40004 1743075766
40010 1743075767
40004 1743075768
40003 1743075769
40004 1743075770
40001 1743075771
40003 1743075772
2100 1743075773
40007 1743075773
40002 1743075774
40003 1743075776
40003 1743075777
40004 1743075778
40002 1743075779
40003 1743075780
40005 1743075781
40001 1743075782
40005 1743075783
40007 1743075784
40001 1743075785
40003 1743075786
40004 1743075787
40005 1743075788
40005 1743075789
40002 1743075790
40000 1743075791
40004 1743075792
40002 1743075793
40003 1743075794
40002 1743075795
40004 1743075796
40004 1743075797
40003 1743075798
40008 1743075799
40003 1743075800
40003 1743075801
40004 1743075802
40003 1743075803
40004 1743075804
40003 1743075805
40002 1743075806
40003 1743075807
40004 1743075808
40003 1743075809
40003 1743075810
40005 1743075811
40005 1743075812
40004 1743075813
40002 1743075814
40002 1743075815
40006 1743075816
40005 1743075817
40005 1743075818
40005 1743075819
40004 1743075820
40004 1743075821
40007 1743075822
40001 1743075823
300 1743075823
40004 1743075824
40005 1743075825
40005 1743075826
40002 1743075827
40003 1743075828
40005 1743075829
40002 1743075830
40007 1743075831
40001 1743075832
40004 1743075833
40003 1743075834
40006 1743075835
40002 1743075836
40002 1743075837
40003 1743075838
40003 1743075839
40002 1743075840
40003 1743075841
40001 1743075842
40006 1743075843
40005 1743075844
40004 1743075845
40004 1743075846
40006 1743075847
140 1743075848
40007 1743075848
40007 1743075849
40004 1743075850
40005 1743075851
40002 1743075852
40003 1743075853
40003 1743075854
40004 1743075855
40007 1743075856
40004 1743075857
40005 1743075858
40011 1743075859
40001 1743075860
40003 1743075861
40004 1743075862
40003 1743075863
40004 1743075864
40003 1743075865
40007 1743075866
40005 1743075867
40004 1743075868
40006 1743075869
40002 1743075870
40004 1743075871
40003 1743075872
40006 1743075873
40003 1743075874
40005 1743075875
40005 1743075876
40002 1743075877
40005 1743075878
40003 1743075879
40005 1743075880
40006 1743075881
40002 1743075882
40003 1743075883
40005 1743075884
40001 1743075885
40005 1743075886
40005 1743075887
40004 1743075888
40001 1743075889
40005 1743075890
40004 1743075891
40005 1743075892
40004 1743075893
40004 1743075894
40007 1743075895
2500 1743075896
40002 1743075896
40003 1743075897
40003 1743075898
40008 1743075899
40008 1743075900
40007 1743075901
40008 1743075902
40003 1743075903
40009 1743075904
40003 1743075905
40004 1743075906
40005 1743075907
40005 1743075908
40000 1743075909
40005 1743075910
40005 1743075911
40005 1743075912
40002 1743075913
40004 1743075914
40005 1743075915
40002 1743075916
40003 1743075917
40002 1743075918
40005 1743075919
40005 1743075920
40006 1743075921
40002 1743075922
40003 1743075923
40006 1743075924
40002 1743075925
40002 1743075926
40001 1743075927
40002 1743075928
40007 1743075929
40003 1743075930
40000 1743075931
40001 1743075932
40003 1743075933
40003 1743075934
40003 1743075935
40001 1743075936
40002 1743075937
40003 1743075938
40003 1743075939
40005 1743075940
40005 1743075941
40003 1743075942
40001 1743075943
40003 1743075944
40005 1743075945
40004 1743075946
40002 1743075947
40005 1743075948
40002 1743075949
40002 1743075950
40002 1743075951
40005 1743075952
40005 1743075953
40003 1743075954
40008 1743075955
40004 1743075956
40004 1743075957
40004 1743075958
40003 1743075959
40005 1743075960
40006 1743075961
40007 1743075962
40005 1743075963
40004 1743075964
40005 1743075965
40002 1743075966
40004 1743075967
40004 1743075968
40004 1743075969
40003 1743075970
40002 1743075971
40006 1743075972
40005 1743075973
40003 1743075974
40004 1743075975
40003 1743075976
40003 1743075977
40007 1743075978
40003 1743075979
40004 1743075980
40004 1743075981
40006 1743075982
40004 1743075983
40003 1743075984
40004 1743075985
40005 1743075986
40008 1743075987
40007 1743075988
40002 1743075989
40003 1743075990
40002 1743075991
40004 1743075992
40004 1743075993
40001 1743075994
40004 1743075995
40005 1743075996
40003 1743075997
40000 1743075998
40005 1743075999
40004 1743076000
40004 1743076002
40004 1743076003
40005 1743076004
40004 1743076005
40005 1743076006
40004 1743076007
40005 1743076008
40004 1743076009
40005 1743076010
40000 1743076011
40005 1743076012
40005 1743076013
40004 1743076014
40003 1743076015
40005 1743076016
40002 1743076017
40000 1743076018
40004 1743076019
40004 1743076020
40004 1743076021
40001 1743076022
40003 1743076023
40003 1743076024
40003 1743076025
40003 1743076026
40003 1743076027
40003 1743076028
40002 1743076029
40005 1743076030
40002 1743076031
40001 1743076032
40005 1743076033
40002 1743076034
40004 1743076035
40001 1743076036
40006 1743076037
40005 1743076038
1340 1743076038
40003 1743076039
40002 1743076040
40008 1743076041
40006 1743076042
40005 1743076043
40003 1743076044
40003 1743076045
40005 1743076046
40000 1743076047
40003 1743076048
40006 1743076049
40004 1743076050
40002 1743076051
40008 1743076052
40002 1743076053
40003 1743076054
40003 1743076055
40004 1743076056
40006 1743076057
40005 1743076058
40003 1743076059
40002 1743076060
40006 1743076061
40005 1743076062
40002 1743076063
40007 1743076064
40002 1743076065
40003 1743076066
40002 1743076067
40003 1743076068
5900 1743076068
40004 1743076069
40004 1743076070
40000 1743076071
40004 1743076072
40003 1743076073
40004 1743076074
40002 1743076075
40006 1743076076
40001 1743076077
40002 1743076078
40002 1743076079
40002 1743076080
40006 1743076081
40003 1743076082
40006 1743076083
40005 1743076084
40005 1743076085
40004 1743076086
40004 1743076087
40006 1743076088
40002 1743076089
40009 1743076090
40003 1743076091
40001 1743076092
40004 1743076093
40004 1743076094
40007 1743076095
40005 1743076096
40004 1743076097
40006 1743076098
40005 1743076099
40004 1743076100
40006 1743076101
40005 1743076102
40003 1743076103
40009 1743076104
40003 1743076105
40007 1743076106
40004 1743076107
40003 1743076108
40005 1743076109
40002 1743076110
40004 1743076111
40002 1743076112
40003 1743076113
40002 1743076114
40003 1743076115
40005 1743076116
40002 1743076117
40005 1743076118
40001 1743076119
40002 1743076120
40003 1743076121
40003 1743076122
40001 1743076123
40002 1743076124
40003 1743076125
40007 1743076126
40001 1743076127
40006 1743076128
40005 1743076129
40001 1743076130
40003 1743076131
40004 1743076132
40006 1743076133
1740 1743076133
40005 1743076134
40004 1743076135
40004 1743076136
40003 1743076137
40007 1743076138
40005 1743076139
40003 1743076140
40004 1743076141
40004 1743076142
40004 1743076143
40002 1743076144
40002 1743076145
40003 1743076146
40002 1743076147
40004 1743076148
40004 1743076149
40004 1743076150
40002 1743076151
40002 1743076152
40006 1743076153
40003 1743076154
40005 1743076155
40002 1743076156
40006 1743076157
40005 1743076158
40002 1743076159
40001 1743076160
40002 1743076161
40003 1743076162
40007 1743076163
40003 1743076164
40004 1743076165
40007 1743076166
40010 1743076167
40002 1743076168
40002 1743076169
40004 1743076170
40005 1743076171
40004 1743076172
40005 1743076173
40005 1743076174
40002 1743076175
40004 1743076176
40004 1743076177
40003 1743076178
40006 1743076179
40002 1743076180
40008 1743076181
40001 1743076182
40005 1743076183
40002 1743076184
40003 1743076185
40001 1743076186
40008 1743076187
40002 1743076188
40002 1743076189
40003 1743076190
40001 1743076191
40002 1743076192
40003 1743076193
40000 1743076194
40004 1743076195
40002 1743076196
40005 1743076197
40003 1743076198
40007 1743076199
40007 1743076200
40002 1743076201
40005 1743076202
40006 1743076203
40002 1743076204
40003 1743076205
40003 1743076206
40004 1743076207
40004 1743076208
40006 1743076209
40003 1743076210
40003 1743076212
40001 1743076213
40000 1743076214
40003 1743076215
40004 1743076216
40006 1743076217
40004 1743076218
40004 1743076219
40007 1743076220
40003 1743076221
40007 1743076222
40004 1743076223
40004 1743076224
40005 1743076225
40001 1743076226
40002 1743076227
40003 1743076228
40003 1743076229
40004 1743076230
40007 1743076231
40005 1743076232
40005 1743076233
40005 1743076234
40005 1743076235
40003 1743076236
40002 1743076237
40004 1743076238
40006 1743076239
40007 1743076240
40006 1743076241
40005 1743076242
40006 1743076243
40007 1743076244
40004 1743076245
40002 1743076246
40001 1743076247
40005 1743076248
40003 1743076249
40005 1743076250
40006 1743076251
40006 1743076252
40008 1743076253
40002 1743076254
40002 1743076255
2180 1743076255
40004 1743076256
40004 1743076257
40003 1743076258
40003 1743076259
40006 1743076260
40004 1743076261
40004 1743076262
40002 1743076263
40004 1743076264
40005 1743076265
40003 1743076266
40003 1743076267
40005 1743076268
40004 1743076269
40004 1743076270
40001 1743076271
40003 1743076272
40002 1743076273
40004 1743076274
1620 1743076274
40003 1743076275
40005 1743076276
40005 1743076277
40007 1743076278
40004 1743076279
40006 1743076280
40003 1743076281
40003 1743076282
40007 1743076283
40004 1743076284
40004 1743076285
40001 1743076286
40003 1743076287
40002 1743076288
40004 1743076289
40007 1743076290
40003 1743076291
40006 1743076292
40004 1743076293
40001 1743076294
40009 1743076295
40006 1743076296
40003 1743076297
40003 1743076298
40002 1743076299
40002 1743076300
40004 1743076301
40005 1743076302
40005 1743076303
40002 1743076304
40002 1743076305
40002 1743076306
40004 1743076307
40002 1743076308
40006 1743076309
40003 1743076310
40000 1743076311
40004 1743076312
40003 1743076313
40005 1743076314
40006 1743076315
40007 1743076316
40003 1743076317
40005 1743076318
40003 1743076319
40005 1743076320
40002 1743076321
40003 1743076322
40005 1743076323
40002 1743076324
40002 1743076325
40001 1743076326
40005 1743076327
40008 1743076328
40001 1743076329
40000 1743076330
40002 1743076331
40006 1743076332
40001 1743076333
40004 1743076334
40002 1743076335
40003 1743076336
40001 1743076337
40003 1743076338
40002 1743076339
40004 1743076340
40003 1743076341
40003 1743076342
40004 1743076343
40004 1743076344
40005 1743076345
40006 1743076346
40004 1743076347
40005 1743076348
40004 1743076349
40004 1743076350
40002 1743076351
40003 1743076352
40006 1743076353
40003 1743076354
40002 1743076355
40006 1743076356
40005 1743076357
40001 1743076358
40003 1743076359
40005 1743076360
40003 1743076361
40009 1743076362
40002 1743076363
40004 1743076364
40002 1743076365
40007 1743076366
40005 1743076367
40006 1743076368
40004 1743076369
40003 1743076370
40003 1743076371
40001 1743076372
40004 1743076373
40007 1743076374
40002 1743076375
40003 1743076376
40007 1743076377
40006 1743076378
40005 1743076379
40006 1743076380
40006 1743076381
40003 1743076382
40005 1743076383
40004 1743076384
40006 1743076385
40004 1743076386
40004 1743076387
40003 1743076388
40005 1743076389
40006 1743076390
40006 1743076391
40005 1743076392
40002 1743076393
40003 1743076394
860 1743076395
40006 1743076395
40003 1743076396
40001 1743076397
40004 1743076398
40001 1743076399
40005 1743076400
40003 1743076401
40002 1743076402
40004 1743076403
40000 1743076404
40002 1743076405
40006 1743076406
40002 1743076407
40003 1743076408
40004 1743076409
40005 1743076410
40001 1743076411
40002 1743076412
40004 1743076413
40002 1743076414
40008 1743076415
40002 1743076416
40003 1743076417
40004 1743076418
40007 1743076419
40004 1743076420
40008 1743076421
40001 1743076422
40003 1743076423
40003 1743076424
40005 1743076425
40002 1743076426
40003 1743076427
40006 1743076428
40006 1743076429
40003 1743076431
40004 1743076432
40010 1743076433
40009 1743076434
40003 1743076435
40007 1743076436
40008 1743076437
40005 1743076438
40001 1743076439
40002 1743076440
40003 1743076441
40000 1743076442
40007 1743076443
40008 1743076444
3640 1743076444
40006 1743076445
40004 1743076446
40003 1743076447
40005 1743076448
40003 1743076449
40006 1743076450
1120 1743076450
40002 1743076451
40007 1743076452
8740 1743076452
40004 1743076453
40003 1743076454
40001 1743076455
260 1743076455
40002 1743076456
40007 1743076457
40003 1743076458
40002 1743076459
40001 1743076460
40001 1743076461
40004 1743076462
40005 1743076463
40002 1743076464
40001 1743076465
40003 1743076466
40007 1743076467
40005 1743076468
40002 1743076469
40005 1743076470
40003 1743076471
40002 1743076472
40003 1743076473
40000 1743076474
40005 1743076475
40004 1743076476
40006 1743076477
40002 1743076478
40001 1743076479
40001 1743076480
40007 1743076481
40007 1743076482
40003 1743076483
40005 1743076484
40002 1743076485
40004 1743076486
40003 1743076487
40003 1743076488
40002 1743076489
40006 1743076490
40008 1743076491
40004 1743076492
40007 1743076493
40003 1743076494
40003 1743076495
40003 1743076496
40001 1743076497
40003 1743076498
40004 1743076499
40005 1743076500
40005 1743076501
40001 1743076502
40002 1743076503
40004 1743076504
40004 1743076505
40001 1743076506
40003 1743076507
40000 1743076508
40001 1743076509
40007 1743076510
40005 1743076511
40001 1743076512
40004 1743076513
40003 1743076514
40001 1743076515
40009 1743076516
40003 1743076517
40000 1743076518
40007 1743076519
40000 1743076520
40001 1743076521
40005 1743076522
40005 1743076523
40003 1743076524
40005 1743076525
40002 1743076526
40005 1743076527
40008 1743076528
40008 1743076529
40002 1743076530
40004 1743076531
40001 1743076532
40005 1743076533
40004 1743076534
40004 1743076535
40003 1743076536
40003 1743076537
40003 1743076538
40002 1743076539
40004 1743076540
40004 1743076541
40001 1743076542
40002 1743076543
40004 1743076544
40003 1743076545
40004 1743076546
40004 1743076547
40003 1743076548
40002 1743076549
40002 1743076550
40003 1743076551
40005 1743076552
40001 1743076553
40007 1743076554
40002 1743076555
40005 1743076556
40003 1743076557
40003 1743076558
40007 1743076559
40005 1743076560
2140 1743076560
40003 1743076561
40004 1743076562
40005 1743076563
40007 1743076564
40002 1743076565
40006 1743076566
40004 1743076567
40005 1743076568
40004 1743076569
40004 1743076570
40005 1743076571
40001 1743076572
40003 1743076573
40005 1743076574
40003 1743076575
40003 1743076576
40002 1743076577
40003 1743076578
40010 1743076579
40004 1743076580
40005 1743076581
40002 1743076582
40004 1743076583
40003 1743076584
40002 1743076585
40006 1743076586
40003 1743076587
2500 1743076588
40005 1743076588
40004 1743076589
40003 1743076590
40005 1743076591
40007 1743076592
40003 1743076593
40008 1743076594
40007 1743076595
40006 1743076596
40003 1743076597
40005 1743076598
40010 1743076599
40005 1743076600
40003 1743076601
40006 1743076602
40003 1743076603
40004 1743076604
40001 1743076605
40003 1743076606
40001 1743076607
40002 1743076608
40005 1743076609
40004 1743076610
40002 1743076611
40009 1743076612
40001 1743076613
40003 1743076614
40001 1743076615
40008 1743076616
40000 1743076617
40004 1743076618
40003 1743076619
40005 1743076620
40005 1743076621
40007 1743076622
40005 1743076623
40001 1743076624
40003 1743076625
40003 1743076626
40001 1743076627
40003 1743076628
40003 1743076629
40009 1743076630
40005 1743076631
40005 1743076632
40001 1743076633
40005 1743076634
40008 1743076635
40006 1743076636
40007 1743076637
40002 1743076638
40003 1743076639
40005 1743076640
40004 1743076641
40003 1743076642
40001 1743076643
40004 1743076644
40000 1743076645
40005 1743076646
40004 1743076647
40002 1743076648
40003 1743076649
40002 1743076650
40003 1743076651
40004 1743076652
40006 1743076653
40003 1743076654
40002 1743076655
40007 1743076656
320 1743076657
40005 1743076657
40006 1743076658
40004 1743076659
40003 1743076660
40005 1743076661
40001 1743076662
40003 1743076663
40007 1743076664
40004 1743076665
40001 1743076666
1260 1743076667
40004 1743076667
40001 1743076668
40002 1743076669
40005 1743076670
40005 1743076671
40004 1743076672
40003 1743076673
40005 1743076674
40002 1743076675
40006 1743076677
40003 1743076678
40003 1743076679
40006 1743076680
40003 1743076681
40001 1743076682
40004 1743076683
40007 1743076684
40005 1743076685
40003 1743076686
40004 1743076687
40005 1743076688
40009 1743076689
40004 1743076690
40002 1743076691
40002 1743076692
40005 1743076693
40006 1743076694
40005 1743076695
40003 1743076696
40001 1743076697
40008 1743076698
40004 1743076699
40004 1743076700
40000 1743076701
40003 1743076702
40005 1743076703
40001 1743076704
40003 1743076705
40002 1743076706
40003 1743076707
40006 1743076708
40002 1743076709
40004 1743076710
40004 1743076711
40003 1743076712
40005 1743076713
40003 1743076714
40003 1743076715
40003 1743076716
40000 1743076717
40002 1743076718
40003 1743076719
40003 1743076720
40004 1743076721
40004 1743076722
40004 1743076723
40007 1743076724
40005 1743076725
40006 1743076726
40002 1743076727
40003 1743076728
40005 1743076729
40005 1743076730
40005 1743076731
40003 1743076732
40003 1743076733
40003 1743076734
40002 1743076735
40007 1743076736
40004 1743076737
40003 1743076738
40003 1743076739
40004 1743076740
40001 1743076741
40002 1743076742
40003 1743076743
40003 1743076744
40004 1743076745
40003 1743076746
40003 1743076747
40004 1743076748
40002 1743076749
40006 1743076750
40005 1743076751
40008 1743076752
40002 1743076753
40005 1743076754
40002 1743076755
40004 1743076756
40002 1743076757
40002 1743076758
40002 1743076759
40002 1743076760
40006 1743076761
40003 1743076762
40002 1743076763
40003 1743076764
40008 1743076765
40005 1743076766
40002 1743076767
40001 1743076768
40001 1743076769
40001 1743076770
40005 1743076771
40006 1743076772
40004 1743076773
40002 1743076774
40004 1743076775
40007 1743076776
40004 1743076777
40003 1743076778
40002 1743076779
40000 1743076780
40007 1743076781
40004 1743076782
40009 1743076783
40007 1743076784
40002 1743076785
40003 1743076786
40000 1743076787
40002 1743076788
40004 1743076789
40002 1743076790
40001 1743076791
40001 1743076792
40006 1743076793
40003 1743076794
40003 1743076795
40005 1743076796
40004 1743076797
40002 1743076798
40003 1743076799
40005 1743076800
40002 1743076801
40001 1743076802
40008 1743076803
40003 1743076804
40004 1743076805
40002 1743076806
40005 1743076807
40006 1743076808
40004 1743076809
40007 1743076810
40006 1743076811
40003 1743076812
40003 1743076813
40002 1743076814
40007 1743076815
40004 1743076816
40002 1743076817
40008 1743076818
40002 1743076819
40005 1743076820
40000 1743076821
40005 1743076822
40002 1743076823
40005 1743076824
40005 1743076825
40002 1743076826
40005 1743076827
40003 1743076828
40009 1743076829
40003 1743076830
40002 1743076831
40005 1743076832
40002 1743076833
40001 1743076834
40002 1743076835
40001 1743076836
40009 1743076837
40004 1743076838
40001 1743076839
40002 1743076840
40004 1743076841
40003 1743076842
40004 1743076843
40006 1743076844
40005 1743076845
40005 1743076846
40001 1743076847
1460 1743076848
40005 1743076848
40004 1743076849
40003 1743076850
40003 1743076851
40002 1743076852
40003 1743076853
40001 1743076854
40004 1743076855
40003 1743076856
40006 1743076857
40006 1743076858
40001 1743076859
40004 1743076860
40001 1743076861
40003 1743076862
40004 1743076863
40002 1743076864
40003 1743076865
40005 1743076866
40005 1743076867
40001 1743076868
40002 1743076869
40007 1743076870
40005 1743076871
40002 1743076872
40005 1743076873
40002 1743076874
40005 1743076875
40003 1743076876
40003 1743076877
40006 1743076878
40005 1743076879
40004 1743076880
40002 1743076881
40003 1743076882
40005 1743076883
40006 1743076884
40006 1743076885
40002 1743076886
40001 1743076887
40004 1743076888
40005 1743076889
40007 1743076890
40003 1743076891
40002 1743076892
40001 1743076893
40001 1743076894
40004 1743076895
40003 1743076896
40001 1743076897
40003 1743076898
40006 1743076900
40003 1743076901
40003 1743076902
40006 1743076903
40005 1743076904
40004 1743076905
40006 1743076906
40004 1743076907
40003 1743076908
40005 1743076909
40006 1743076910
40005 1743076911
40006 1743076912
40005 1743076913
40003 1743076914
40004 1743076915
40004 1743076916
40003 1743076917
40000 1743076918
40002 1743076919
40002 1743076920
40003 1743076921
40007 1743076922
40001 1743076923
40004 1743076924
40005 1743076925
40003 1743076926
40002 1743076927
40006 1743076928
40005 1743076929
40003 1743076930
40003 1743076931
40001 1743076932
40003 1743076933
40004 1743076934
380 1743076934
40005 1743076935
40006 1743076936
40003 1743076937
40004 1743076938
40002 1743076939
40002 1743076940
40005 1743076941
40007 1743076942
40005 1743076943
40005 1743076944
40007 1743076945
40002 1743076946
40005 1743076947
40003 1743076948
40007 1743076949
40003 1743076950
40002 1743076951
40006 1743076952
40004 1743076953
40002 1743076954
40004 1743076955
40004 1743076956
40005 1743076957
40004 1743076958
1900 1743076958
40007 1743076959
40003 1743076960
40004 1743076961
40005 1743076962
40002 1743076963
40002 1743076964
40002 1743076965
40001 1743076966
40007 1743076967
40004 1743076968
40001 1743076969
40003 1743076970
40006 1743076971
40002 1743076972
40005 1743076973
40007 1743076974
40004 1743076975
40006 1743076976
40001 1743076977
40002 1743076978
40002 1743076979
40005 1743076980
40004 1743076981
40005 1743076982
40005 1743076983
40006 1743076984
40001 1743076985
40007 1743076986
40004 1743076987
40002 1743076988
40003 1743076989
40003 1743076990
40001 1743076991
40005 1743076992
40002 1743076993
40002 1743076994
40003 1743076995
40003 1743076996
40000 1743076997
1780 1743076997
40005 1743076998
40007 1743076999
40002 1743077000
40003 1743077001
40004 1743077002
40005 1743077003
40004 1743077004
40005 1743077005
40005 1743077006
40002 1743077007
40002 1743077008
40005 1743077009
40002 1743077010
40002 1743077011
40002 1743077012
40002 1743077013
40004 1743077014
40002 1743077015
40004 1743077016
40001 1743077017
40002 1743077018
40004 1743077019
40002 1743077020
40001 1743077021
40007 1743077022
40001 1743077023
40004 1743077024
40002 1743077025
40009 1743077026
40004 1743077027
40004 1743077028
40004 1743077029
40003 1743077030
40003 1743077031
40005 1743077032
40007 1743077033
40001 1743077034
40010 1743077035
40002 1743077036
40000 1743077037
40003 1743077038
40005 1743077039
40003 1743077040
40002 1743077041
40004 1743077042
40006 1743077043
40005 1743077044
40003 1743077045
40001 1743077046
40002 1743077047
40004 1743077048
40002 1743077049
40005 1743077050
40002 1743077051
40007 1743077052
40004 1743077053
40004 1743077054
40005 1743077055
40006 1743077056
40004 1743077057
40003 1743077058
40002 1743077059
40006 1743077060
40004 1743077061
40001 1743077062
40004 1743077063
40003 1743077064
40006 1743077065
40005 1743077066
40002 1743077067
40003 1743077068
40005 1743077069
40003 1743077070
40004 1743077071
40002 1743077072
40004 1743077073
40005 1743077074
40002 1743077075
40001 1743077076
40002 1743077077
40005 1743077078
40003 1743077079
40003 1743077080
40003 1743077081
40006 1743077082
40004 1743077083
40004 1743077084
40003 1743077085
40006 1743077086
40004 1743077087
40008 1743077088
40002 1743077089
40003 1743077090
40002 1743077091
40002 1743077092
40005 1743077093
3120 1743077094
40001 1743077094
40003 1743077095
40004 1743077096
40006 1743077097
40001 1743077098
40001 1743077099
40005 1743077100
40001 1743077101
40003 1743077102
40006 1743077103
40007 1743077104
40003 1743077105
40008 1743077106
40000 1743077107
40004 1743077108
40003 1743077109
40007 1743077110
40000 1743077111
40002 1743077112
40006 1743077113
40005 1743077114
40003 1743077115
40005 1743077116
40004 1743077117
40005 1743077118
40001 1743077119
40001 1743077120
40001 1743077121
40005 1743077122
40002 1743077123
40003 1743077124
40004 1743077125
40002 1743077126
40005 1743077127
40003 1743077128
40004 1743077129
40004 1743077130
40001 1743077131
40004 1743077132
40005 1743077133
40006 1743077134
40002 1743077135
40004 1743077136
40001 1743077137
40003 1743077138
40003 1743077139
40000 1743077140
40004 1743077142
40002 1743077143
40006 1743077144
40002 1743077145
40003 1743077146
40003 1743077147
40001 1743077148
40004 1743077149
40001 1743077150
40005 1743077151
40004 1743077152
40006 1743077153
40004 1743077154
40003 1743077155
40005 1743077156
40001 1743077157
40004 1743077158
40008 1743077159
40004 1743077160
40001 1743077161
40005 1743077162
40000 1743077163
40004 1743077164
40002 1743077165
40005 1743077166
40008 1743077167
40003 1743077168
40002 1743077169
40003 1743077170
40007 1743077171
40004 1743077172
40008 1743077173
40002 1743077174
40007 1743077175
40003 1743077176
40006 1743077177
40004 1743077178
40004 1743077179
40001 1743077180
980 1743077181
40004 1743077181
40003 1743077182
40002 1743077183
40005 1743077184
40001 1743077185
40005 1743077186
40003 1743077187
40001 1743077188
40001 1743077189
40002 1743077190
40006 1743077191
40001 1743077192
40001 1743077193
40006 1743077194
40003 1743077195
40004 1743077196
40005 1743077197
40002 1743077198
40004 1743077199
40007 1743077200
40002 1743077201
40002 1743077202
40005 1743077203
40003 1743077204
40003 1743077205
40002 1743077206
40003 1743077207
40007 1743077208
40004 1743077209
40002 1743077210
40003 1743077211
40002 1743077212
40002 1743077213
40000 1743077214
40006 1743077215
40003 1743077216
40001 1743077217
40001 1743077218
40004 1743077219
40001 1743077220
40003 1743077221
40005 1743077222
40004 1743077223
40002 1743077224
40005 1743077225
40003 1743077226
40003 1743077227
40008 1743077228
40005 1743077229
40002 1743077230
40004 1743077231
40005 1743077232
40005 1743077233
40003 1743077234
40003 1743077235
40004 1743077236
40003 1743077237
40001 1743077238
40005 1743077239
40001 1743077240
40003 1743077241
40004 1743077242
40001 1743077243
40005 1743077244
40002 1743077245
40003 1743077246
40002 1743077247
580 1743077248
40004 1743077248
40005 1743077249
40005 1743077250
40003 1743077251
40002 1743077252
40006 1743077253
40004 1743077254
40002 1743077255
40006 1743077256
40007 1743077257
40003 1743077258
40002 1743077259
40007 1743077260
40003 1743077261
40003 1743077262
40004 1743077263
40005 1743077264
40007 1743077265
40003 1743077266
40002 1743077267
40004 1743077268
40004 1743077269
40000 1743077270
40005 1743077271
40002 1743077272
40007 1743077273
40006 1743077274
40003 1743077275
40007 1743077276
40004 1743077277
40003 1743077278
40002 1743077279
40006 1743077280
40004 1743077281
40005 1743077282
40005 1743077283
40004 1743077284
40004 1743077285
40004 1743077286
40005 1743077287
40005 1743077288
40004 1743077289
40003 1743077290
40000 1743077291
40005 1743077292
40003 1743077293
40004 1743077294
40004 1743077295
40004 1743077296
180 1743077297
40004 1743077297
40006 1743077298
40003 1743077299
40004 1743077300
40005 1743077301
40004 1743077302
40008 1743077303
40008 1743077304
40002 1743077305
40003 1743077306
40005 1743077307
40005 1743077308
40002 1743077309
40003 1743077310
40004 1743077311
1820 1743077311
40005 1743077312
40000 1743077313
40006 1743077314
40003 1743077315
40004 1743077316
40004 1743077317
40002 1743077318
40006 1743077319
40008 1743077320
40003 1743077321
40001 1743077322
40003 1743077323
40004 1743077324
40004 1743077325
40003 1743077326
40004 1743077327
40002 1743077328
40005 1743077329
40003 1743077330
280 1743077331
40006 1743077331
40004 1743077332
40006 1743077333
40004 1743077334
40002 1743077335
40004 1743077336
40003 1743077337
40005 1743077338
40001 1743077339
2640 1743077340
40005 1743077340
40003 1743077341
40003 1743077342
40006 1743077343
40007 1743077344
40001 1743077345
40001 1743077346
40003 1743077347
40006 1743077348
40003 1743077349
40009 1743077350
40003 1743077351
40004 1743077352
40007 1743077353
40004 1743077354
40002 1743077355
40006 1743077356
40001 1743077357
40004 1743077358
40003 1743077359
40001 1743077360
40003 1743077362
40005 1743077363
40003 1743077364
40007 1743077365
40006 1743077366
40004 1743077367
40004 1743077368
40005 1743077369
40002 1743077370
40003 1743077371
40004 1743077372
40006 1743077373
40004 1743077374
40006 1743077375
40004 1743077376
40002 1743077377
40006 1743077378
40006 1743077379
40001 1743077380
40006 1743077381
40002 1743077382
40001 1743077383
40006 1743077384
40003 1743077385
40004 1743077386
40004 1743077387
40004 1743077388
40006 1743077389
40002 1743077390
40006 1743077391
40005 1743077392
40005 1743077393
40004 1743077394
40004 1743077395
40002 1743077396
40005 1743077397
40006 1743077398
40002 1743077399
40003 1743077400
40002 1743077401
40000 1743077402
40007 1743077403
40003 1743077404
40003 1743077405
40000 1743077406
40003 1743077407
40003 1743077408
40005 1743077409
40004 1743077410
40004 1743077411
440 1743077412
40005 1743077412
40005 1743077413
40003 1743077414
40004 1743077415
40005 1743077416
40003 1743077417
40003 1743077418
40004 1743077419
40002 1743077420
40002 1743077421
40003 1743077422
40004 1743077423
40004 1743077424
40003 1743077425
40009 1743077426
40002 1743077427
40004 1743077428
40006 1743077429
40004 1743077430
40008 1743077431
40003 1743077432
40001 1743077433
40000 1743077434
40002 1743077435
40003 1743077436
40002 1743077437
40006 1743077438
40005 1743077439
40003 1743077440
40005 1743077441
40003 1743077442
40010 1743077443
40005 1743077444
40005 1743077445
40003 1743077446
40004 1743077447
2580 1743077447
40006 1743077448
40002 1743077449
40003 1743077450
40004 1743077451
40006 1743077452
40004 1743077453
40002 1743077454
40004 1743077455
40002 1743077456
40001 1743077457
40004 1743077458
40005 1743077459
40004 1743077460
40000 1743077461
40004 1743077462
40007 1743077463
40003 1743077464
40008 1743077465
40002 1743077466
40006 1743077467
40004 1743077468
40001 1743077469
40005 1743077470
40003 1743077471
40005 1743077472
40005 1743077473
40005 1743077474
40003 1743077475
40005 1743077476
40003 1743077477
40004 1743077478
40002 1743077479
40001 1743077480
40005 1743077481
40005 1743077482
40005 1743077483
40001 1743077484
40009 1743077485
40003 1743077486
40004 1743077487
40008 1743077488
40004 1743077489
40002 1743077490
40004 1743077491
40005 1743077492
40001 1743077493
40001 1743077494
40003 1743077495
40006 1743077496
40007 1743077497
40001 1743077498
40009 1743077499
40005 1743077500
40005 1743077501
40005 1743077502
40003 1743077503
40003 1743077504
40002 1743077505
40004 1743077506
40004 1743077507
40008 1743077508
40004 1743077509
40002 1743077510
40002 1743077511
40005 1743077512
40006 1743077513
40003 1743077514
40004 1743077515
40005 1743077516
40006 1743077517
40002 1743077518
40004 1743077519
40000 1743077520
40004 1743077521
40003 1743077522
40004 1743077523
40002 1743077524
40005 1743077525
40002 1743077526
40001 1743077527
40006 1743077528
40001 1743077529
40004 1743077530
40001 1743077531
40004 1743077532
40007 1743077533
40004 1743077534
40003 1743077535
40002 1743077536
40005 1743077537
40007 1743077538
40002 1743077539
40001 1743077540
40002 1743077541
40004 1743077542
40006 1743077543
40001 1743077544
40000 1743077545
40004 1743077546
40003 1743077547
40003 1743077548
40008 1743077549
40003 1743077550
40006 1743077551
40011 1743077552
40005 1743077553
40003 1743077554
40004 1743077555
40003 1743077556
40002 1743077557
40008 1743077558
40004 1743077559
40005 1743077560
40002 1743077561
40002 1743077562
40004 1743077563
40001 1743077564
40007 1743077565
40002 1743077566
40005 1743077567
40001 1743077568
40004 1743077569
40003 1743077570
40002 1743077571
5080 1743077572
40003 1743077572
40002 1743077573
40006 1743077574
40002 1743077575
40002 1743077576
40005 1743077578
40006 1743077579
40003 1743077580
40001 1743077581
40004 1743077582
40002 1743077583
40010 1743077584
40003 1743077585
40005 1743077586
40002 1743077587
40003 1743077588
40004 1743077589
40006 1743077590
40007 1743077591
40001 1743077592
40011 1743077593
40004 1743077594
40004 1743077595
40007 1743077596
40004 1743077597
40002 1743077598
40001 1743077599
40005 1743077600
40007 1743077601
40003 1743077602
40005 1743077603
40001 1743077604
40001 1743077605
40004 1743077606
40002 1743077607
40009 1743077608
40003 1743077609
40000 1743077610
40003 1743077611
40005 1743077612
40002 1743077613
40002 1743077614
40002 1743077615
40002 1743077616
40004 1743077617
40005 1743077618
40005 1743077619
40005 1743077620
40002 1743077621
40002 1743077622
40005 1743077623
40005 1743077624
40005 1743077625
40005 1743077626
40002 1743077627
40007 1743077628
40005 1743077629
40004 1743077630
40004 1743077631
40005 1743077632
40005 1743077633
40006 1743077634
40005 1743077635
40005 1743077636
40008 1743077637
40006 1743077638
40003 1743077639
40002 1743077640
40003 1743077641
40003 1743077642
40006 1743077643
40003 1743077644
40004 1743077645
40003 1743077646
40002 1743077647
40006 1743077648
40007 1743077649
40003 1743077650
40003 1743077651
40004 1743077652
40005 1743077653
40005 1743077654
40005 1743077655
40002 1743077656
40003 1743077657
40003 1743077658
40004 1743077659
40002 1743077660
40005 1743077661
40007 1743077662
40005 1743077663
40003 1743077664
40008 1743077665
40009 1743077666
40005 1743077667
40009 1743077668
40002 1743077669
40004 1743077670
40008 1743077671
40002 1743077672
40002 1743077673
40005 1743077674
40002 1743077675
40005 1743077676
40004 1743077677
40002 1743077678
40002 1743077679
40006 1743077680
40006 1743077681
40004 1743077682
40004 1743077683
40003 1743077684
40004 1743077685
40004 1743077686
40001 1743077687
40002 1743077688
40004 1743077689
40006 1743077690
40004 1743077691
40007 1743077692
40003 1743077693
40002 1743077694
40006 1743077695
40003 1743077696
40006 1743077697
40005 1743077698
40003 1743077699
40003 1743077700
40003 1743077701
40005 1743077702
40001 1743077703
40005 1743077704
40001 1743077705
40006 1743077706
40007 1743077707
40005 1743077708
40002 1743077709
40003 1743077710
40005 1743077711
40007 1743077712
40003 1743077713
40004 1743077714
40003 1743077715
40005 1743077716
40002 1743077717
40004 1743077718
40003 1743077719
40003 1743077720
40003 1743077721
40005 1743077722
40002 1743077723
40002 1743077724
40003 1743077725
40002 1743077726
40001 1743077727
40004 1743077728
40003 1743077729
40007 1743077730
40002 1743077731
40006 1743077732
40002 1743077733
40008 1743077734
40002 1743077735
40007 1743077736
40004 1743077737
40002 1743077738
40005 1743077739
40003 1743077740
40005 1743077741
40000 1743077742
40006 1743077743
40004 1743077744
40005 1743077745
40005 1743077746
40003 1743077747
40003 1743077748
40004 1743077749
40007 1743077750
40005 1743077751
40004 1743077752
40003 1743077753
40002 1743077754
40010 1743077755
40004 1743077756
40002 1743077757
40003 1743077758
40004 1743077759
40002 1743077760
40008 1743077761
40005 1743077762
40003 1743077763
40007 1743077764
40003 1743077765
40004 1743077766
40007 1743077767
40009 1743077768
40002 1743077769
40002 1743077770
40005 1743077771
40003 1743077772
40000 1743077773
40002 1743077774
40005 1743077775
40004 1743077776
40005 1743077777
40007 1743077778
40003 1743077779
40001 1743077780
40001 1743077781
40002 1743077782
40000 1743077783
40002 1743077784
40001 1743077785
40004 1743077786
40005 1743077787
40002 1743077788
40007 1743077789
40002 1743077790
40007 1743077791
40000 1743077792
40001 1743077793
40004 1743077794
40003 1743077795
40003 1743077796
40006 1743077797
40000 1743077798
40007 1743077799
40004 1743077800
40005 1743077801
40001 1743077802
40004 1743077803
40005 1743077804
40007 1743077805
40003 1743077806
40005 1743077807
40004 1743077808
40005 1743077809
40004 1743077810
40003 1743077811
40003 1743077812
40002 1743077813
40003 1743077814
840 1743077815
40004 1743077816
40007 1743077817
40002 1743077818
40005 1743077819
40003 1743077820
40002 1743077821
40004 1743077822
40002 1743077823
40009 1743077824
40002 1743077825
40004 1743077826
40004 1743077827
40004 1743077828
40004 1743077829
40006 1743077830
40004 1743077831
40006 1743077832
1420 1743077832
40003 1743077833
40003 1743077834
40004 1743077835
40002 1743077836
40004 1743077837
40005 1743077838
40002 1743077839
40003 1743077840
40003 1743077841
40002 1743077842
40002 1743077843
40003 1743077844
40001 1743077845
40005 1743077846
40002 1743077847
40006 1743077848
40014 1743077849
40004 1743077850
40002 1743077851
40008 1743077852
40005 1743077853
40002 1743077854
40004 1743077855
40006 1743077856
40004 1743077857
40003 1743077858
40004 1743077859
40001 1743077860
40001 1743077861
40004 1743077862
40003 1743077863
40002 1743077864
40000 1743077865
40003 1743077866
40006 1743077867
40001 1743077868
40003 1743077869
40005 1743077870
40005 1743077871
40008 1743077872
40003 1743077873
40001 1743077874
40002 1743077875
40006 1743077876
40002 1743077877
40005 1743077878
40002 1743077879
40003 1743077880
40004 1743077881
40002 1743077882
40002 1743077883
40003 1743077884
40004 1743077885
40002 1743077886
40003 1743077887
40007 1743077888
40005 1743077889
40001 1743077890
40006 1743077891
40006 1743077892
40003 1743077893
40004 1743077894
40003 1743077895
40002 1743077896
40004 1743077897
40005 1743077898
40006 1743077899
40004 1743077900
40000 1743077901
40007 1743077902
40002 1743077903
40003 1743077904
40003 1743077905
40007 1743077906
40004 1743077907
40003 1743077908
40003 1743077909
40005 1743077910
40002 1743077911
40006 1743077912
40005 1743077913
40003 1743077914
40003 1743077915
40006 1743077916
40004 1743077917
40002 1743077918
40002 1743077919
40006 1743077920
40003 1743077921
40003 1743077922
40002 1743077923
40003 1743077924
40005 1743077925
40003 1743077926
40010 1743077927
40002 1743077928
40000 1743077929
40004 1743077930
40005 1743077931
40004 1743077932
40004 1743077933
40001 1743077934
40006 1743077935
40004 1743077936
40003 1743077937
40002 1743077938
40007 1743077939
40005 1743077940
40004 1743077941
40004 1743077942
40003 1743077943
40005 1743077944
40002 1743077945
40005 1743077946
40006 1743077947
40003 1743077948
40003 1743077949
40002 1743077950
40002 1743077951
40005 1743077952
40004 1743077953
40006 1743077954
40002 1743077955
40003 1743077956
40005 1743077957
40006 1743077958
40000 1743077959
40003 1743077960
40003 1743077961
40005 1743077962
40003 1743077963
40005 1743077964
40005 1743077965
40001 1743077966
40003 1743077967
40000 1743077968
40001 1743077969
40002 1743077970
40007 1743077971
40003 1743077972
40002 1743077973
40006 1743077974
40002 1743077975
40001 1743077976
40004 1743077977
40002 1743077978
40003 1743077979
40002 1743077980
40007 1743077981
40000 1743077982
40008 1743077983
40005 1743077984
40004 1743077985
40003 1743077986
40008 1743077987
40004 1743077988
40003 1743077989
40003 1743077990
40000 1743077991
40003 1743077992
40004 1743077993
40006 1743077994
40005 1743077995
40006 1743077996
40004 1743077997
40002 1743077998
40007 1743077999
40003 1743078000
40002 1743078001
40003 1743078002
40003 1743078003
40005 1743078004
40006 1743078005
40002 1743078006
40002 1743078007
40003 1743078008
40004 1743078009
40002 1743078010
40005 1743078011
40005 1743078012
40006 1743078013
40004 1743078014
40006 1743078015
40003 1743078016
40008 1743078017
40003 1743078018
40005 1743078019
40005 1743078020
40003 1743078021
40004 1743078022
40005 1743078023
40002 1743078024
40002 1743078025
40005 1743078026
1660 1743078027
40003 1743078027
40004 1743078028
40002 1743078029
40006 1743078030
40005 1743078031
40003 1743078032
260 1743078033
40006 1743078033
40004 1743078034
40002 1743078035
40004 1743078036
40006 1743078037
40002 1743078038
40005 1743078039
40001 1743078040
40003 1743078041
40003 1743078042
40009 1743078043
40003 1743078044
40003 1743078045
40008 1743078046
40004 1743078048
40006 1743078049
40001 1743078050
40002 1743078051
40004 1743078052
40003 1743078053
40005 1743078054
40004 1743078055
40004 1743078056
40004 1743078057
40004 1743078058
40005 1743078059
40003 1743078060
40003 1743078061
40001 1743078062
40001 1743078063
40003 1743078064
40003 1743078065
40003 1743078066
40004 1743078067
40001 1743078068
40002 1743078069
40007 1743078070
40004 1743078071
40001 1743078072
40003 1743078073
40003 1743078074
40002 1743078075
40003 1743078076
40003 1743078077
40003 1743078078
40002 1743078079
40004 1743078080
40001 1743078081
40005 1743078082
40003 1743078083
40004 1743078084
40006 1743078085
40006 1743078086
40005 1743078087
40003 1743078088
40005 1743078089
40002 1743078090
40004 1743078091
40003 1743078092
40005 1743078093
40004 1743078094
40003 1743078095
40002 1743078096
40003 1743078097
40005 1743078098
40003 1743078099
40006 1743078100
40004 1743078101
40007 1743078102
40004 1743078103
40004 1743078104
40003 1743078105
40001 1743078106
40003 1743078107
3260 1743078107
40002 1743078108
40005 1743078109
40003 1743078110
40005 1743078111
40004 1743078112
40005 1743078113
40005 1743078114
40004 1743078115
40003 1743078116
40002 1743078117
40004 1743078118
40008 1743078119
40003 1743078120
40008 1743078121
40002 1743078122
40001 1743078123
40002 1743078124
40003 1743078125
40003 1743078126
40004 1743078127
40004 1743078128
40010 1743078129
40002 1743078130
40003 1743078131
40008 1743078132
40004 1743078133
40001 1743078134
40005 1743078135
40002 1743078136
40002 1743078137
40003 1743078138
40009 1743078139
40004 1743078140
40001 1743078141
40002 1743078142
40002 1743078143
40008 1743078144
40002 1743078145
40002 1743078146
40003 1743078147
40005 1743078148
40003 1743078149
40004 1743078150
2500 1743078151
40004 1743078151
40000 1743078152
40003 1743078153
40002 1743078154
40002 1743078155
40003 1743078156
40003 1743078157
40003 1743078158
40010 1743078159
40002 1743078160
40001 1743078161
40000 1743078162
40004 1743078163
40001 1743078164
40003 1743078165
40005 1743078166
40003 1743078167
40004 1743078168
40001 1743078169
40008 1743078170
40009 1743078171
40001 1743078172
40004 1743078173
40003 1743078174
40003 1743078175
40001 1743078176
40001 1743078177
40002 1743078178
40003 1743078179
40004 1743078180
40003 1743078181
40007 1743078182
40005 1743078183
40001 1743078184
40005 1743078185
40004 1743078186
40002 1743078187
40003 1743078188
40007 1743078189
40002 1743078190
40006 1743078191
40005 1743078192
40005 1743078193
40002 1743078194
40004 1743078195
40003 1743078196
40005 1743078197
40004 1743078198
40001 1743078199
40004 1743078200
40004 1743078201
40005 1743078202
40003 1743078203
40004 1743078204
40006 1743078205
40001 1743078206
40002 1743078207
2040 1743078207
40004 1743078208
40002 1743078209
40002 1743078210
40005 1743078211
40003 1743078212
40005 1743078213
40004 1743078214
40003 1743078215
40002 1743078216
40005 1743078217
40003 1743078218
40002 1743078219
40005 1743078220
40001 1743078221
40003 1743078222
40005 1743078223
40002 1743078224
40001 1743078225
40008 1743078226
40005 1743078227
40004 1743078228
40006 1743078229
40005 1743078230
40004 1743078231
40003 1743078232
40002 1743078233
40004 1743078234
40003 1743078235
40001 1743078236
40001 1743078237
40005 1743078238
40002 1743078239
40004 1743078240
40003 1743078241
40005 1743078242
40004 1743078243
40001 1743078244
40001 1743078245
40001 1743078246
40005 1743078247
40002 1743078248
40001 1743078249
40003 1743078250
40004 1743078251
40004 1743078252
40003 1743078254
40001 1743078255
40004 1743078256
40003 1743078257
40003 1743078258
40005 1743078259
40009 1743078260
40004 1743078261
40001 1743078262
40001 1743078263
40004 1743078264
40003 1743078265
40005 1743078266
40002 1743078267
40000 1743078268
40005 1743078269
40003 1743078270
40008 1743078271
40005 1743078272
40002 1743078273
40004 1743078274
40004 1743078275
40002 1743078276
40004 1743078277
40004 1743078278
40005 1743078279
40003 1743078280
40004 1743078281
40003 1743078282
40009 1743078283
40006 1743078284
40006 1743078285
40002 1743078286
40002 1743078287
40005 1743078288
40003 1743078289
40003 1743078290
2060 1743078290
40003 1743078291
40006 1743078292
40003 1743078293
40003 1743078294
40004 1743078295
40006 1743078296
40001 1743078297
40002 1743078298
40002 1743078299
40007 1743078300
40006 1743078301
40002 1743078302
40003 1743078303
40005 1743078304
40005 1743078305
40003 1743078306
40002 1743078307
40002 1743078308
40004 1743078309
40002 1743078310
40005 1743078311
40003 1743078312
40002 1743078313
40004 1743078314
40001 1743078315
40003 1743078316
40001 1743078317
40008 1743078318
40006 1743078319
40004 1743078320
40003 1743078321
40002 1743078322
40002 1743078323
40004 1743078324
40001 1743078325
40001 1743078326
40004 1743078327
40004 1743078328
40001 1743078329
40003 1743078330
40002 1743078331
40002 1743078332
40003 1743078333
40005 1743078334
40001 1743078335
40002 1743078336
40004 1743078337
40007 1743078338
40006 1743078339
40006 1743078340
40001 1743078341
40007 1743078342
40002 1743078343
40003 1743078344
40002 1743078345
40002 1743078346
40001 1743078347
40000 1743078348
40007 1743078349
40005 1743078350
40005 1743078351
40006 1743078352
40004 1743078353
40007 1743078354
40003 1743078355
40006 1743078356
40006 1743078357
40005 1743078358
40006 1743078359
40002 1743078360
40006 1743078361
40003 1743078362
40005 1743078363
40002 1743078364
40004 1743078365
40001 1743078366
40002 1743078367
40004 1743078368
40007 1743078369
40006 1743078370
40008 1743078371
40002 1743078372
40004 1743078373
40004 1743078374
40002 1743078375
40005 1743078376
40003 1743078377
40003 1743078378
40004 1743078379
40002 1743078380
40007 1743078381
40003 1743078382
40005 1743078383
40008 1743078384
40009 1743078385
40002 1743078386
40004 1743078387
40003 1743078388
40005 1743078389
40005 1743078390
40002 1743078391
40003 1743078392
40003 1743078393
40003 1743078394
40003 1743078395
40002 1743078396
40003 1743078397
40004 1743078398
40007 1743078399
40002 1743078400
40004 1743078401
40001 1743078402
40002 1743078403
40001 1743078404
40004 1743078405
40002 1743078406
40006 1743078407
40009 1743078408
40007 1743078409
40005 1743078410
40002 1743078411
40003 1743078412
40002 1743078413
40006 1743078414
40002 1743078415
40003 1743078416
40004 1743078417
40005 1743078418
40005 1743078419
40003 1743078420
40002 1743078421
40003 1743078422
40004 1743078423
40006 1743078424
40007 1743078425
40003 1743078426
40003 1743078427
40008 1743078428
40005 1743078429
40004 1743078430
40003 1743078431
40000 1743078432
40003 1743078433
40003 1743078434
40004 1743078435
40006 1743078436
40001 1743078437
40003 1743078438
40004 1743078439
40002 1743078440
40002 1743078441
40001 1743078442
40003 1743078443
40002 1743078444
40001 1743078445
40002 1743078446
40002 1743078447
40004 1743078448
40005 1743078449
40002 1743078450
40005 1743078451
40003 1743078452
40004 1743078453
40007 1743078454
40005 1743078455
40003 1743078456
40001 1743078457
40001 1743078458
40003 1743078459
40002 1743078460
40001 1743078461
40004 1743078462
40002 1743078463
40006 1743078464
40002 1743078465
40006 1743078466
40001 1743078467
40003 1743078468
40002 1743078469
40004 1743078470
40000 1743078471
40002 1743078472
40004 1743078473
40001 1743078474
40002 1743078475
40005 1743078476
40007 1743078477
40005 1743078478
40003 1743078479
40001 1743078480
40002 1743078481
40001 1743078482
40006 1743078483
40003 1743078484
40005 1743078485
40000 1743078487
40001 1743078488
40005 1743078489
40002 1743078490
40005 1743078491
40006 1743078492
40006 1743078493
40007 1743078494
40001 1743078495
40004 1743078496
40003 1743078497
40006 1743078498
40004 1743078499
40003 1743078500
40003 1743078501
2960 1743078501
40005 1743078502
40002 1743078503
40005 1743078504
40002 1743078505
40000 1743078506
40001 1743078507
40004 1743078508
40005 1743078509
40001 1743078510
40005 1743078511
40003 1743078512
40008 1743078513
40003 1743078514
40002 1743078515
40006 1743078516
40003 1743078517
40002 1743078518
40004 1743078519
40003 1743078520
40004 1743078521
40005 1743078522
40002 1743078523
40003 1743078524
40006 1743078525
40005 1743078526
40004 1743078527
40002 1743078528
40003 1743078529
40003 1743078530
40003 1743078531
40004 1743078532
40003 1743078533
40003 1743078534
40003 1743078535
40006 1743078536
40006 1743078537
40006 1743078538
40003 1743078539
40004 1743078540
40001 1743078541
40002 1743078542
40005 1743078543
40003 1743078544
40005 1743078545
40003 1743078546
40004 1743078547
40002 1743078548
40005 1743078549
40001 1743078550
40003 1743078551
40003 1743078552
40011 1743078553
40004 1743078554
40000 1743078555
40005 1743078556
40002 1743078557
40003 1743078558
40000 1743078559
40001 1743078560
40002 1743078561
40001 1743078562
40003 1743078563
40004 1743078564
40003 1743078565
40007 1743078566
40007 1743078567
40006 1743078568
40005 1743078569
40001 1743078570
40003 1743078571
40003 1743078572
40003 1743078573
40003 1743078574
40003 1743078575
40004 1743078576
40004 1743078577
40007 1743078578
40002 1743078579
40004 1743078580
40006 1743078581
40006 1743078582
40006 1743078583
40005 1743078584
40006 1743078585
40002 1743078586
40002 1743078587
40003 1743078588
40002 1743078589
40002 1743078590
40003 1743078591
40002 1743078592
40003 1743078593
40001 1743078594
40007 1743078595
40005 1743078596
40001 1743078597
40003 1743078598
40006 1743078599
40002 1743078600
40005 1743078601
40004 1743078602
40003 1743078603
40003 1743078604
40004 1743078605
40006 1743078606
40002 1743078607
40001 1743078608
40007 1743078609
40005 1743078610
40004 1743078611
40002 1743078612
40003 1743078613
40003 1743078614
40005 1743078615
40007 1743078616
40006 1743078617
40003 1743078618
40004 1743078619
40003 1743078620
40004 1743078621
40002 1743078622
40001 1743078623
40007 1743078624
40003 1743078625
40006 1743078626
40005 1743078627
40004 1743078628
40002 1743078629
40006 1743078630
40007 1743078631
40002 1743078632
40003 1743078633
40004 1743078634
40007 1743078635
40002 1743078636
40005 1743078637
40005 1743078638
40002 1743078639
40007 1743078640
40003 1743078641
40003 1743078642
40003 1743078643
40004 1743078644
40002 1743078645
40004 1743078646
40005 1743078647
40002 1743078648
40004 1743078649
40004 1743078650
40007 1743078651
40005 1743078652
40005 1743078653
40007 1743078654
40003 1743078655
40006 1743078656
40002 1743078657
40003 1743078658
40004 1743078659
40004 1743078660
40003 1743078661
40002 1743078662
40002 1743078663
40001 1743078664
40003 1743078665
40003 1743078666
40006 1743078667
40004 1743078668
40004 1743078669
40005 1743078670
40004 1743078671
40003 1743078672
40008 1743078673
40001 1743078674
40003 1743078675
40001 1743078676
40003 1743078677
40003 1743078678
40002 1743078679
40000 1743078680
40003 1743078681
40007 1743078682
40007 1743078683
40003 1743078684
40006 1743078685
40004 1743078686
40009 1743078687
40002 1743078688
40002 1743078689
40006 1743078690
40004 1743078691
40000 1743078692
40002 1743078693
40001 1743078694
40004 1743078695
40003 1743078696
40004 1743078697
40002 1743078698
40003 1743078699
40005 1743078700
40007 1743078701
40002 1743078702
40001 1743078703
40003 1743078704
40001 1743078705
40004 1743078706
40004 1743078708
40002 1743078709
40003 1743078710
40003 1743078711
40005 1743078712
40006 1743078713
40002 1743078714
40001 1743078715
40005 1743078716
40008 1743078717
40003 1743078718
40004 1743078719
40006 1743078720
40005 1743078721
40001 1743078722
40002 1743078723
40000 1743078724
40007 1743078725
40002 1743078726
40002 1743078727
40003 1743078728
40002 1743078729
40002 1743078730
40003 1743078731
40002 1743078732
40005 1743078733
40003 1743078734
40002 1743078735
40002 1743078736
40003 1743078737
40001 1743078738
40004 1743078739
40004 1743078740
40003 1743078741
40003 1743078742
40004 1743078743
40004 1743078744
40005 1743078745
40003 1743078746
40005 1743078747
40002 1743078748
40005 1743078749
40006 1743078750
40004 1743078751
40004 1743078752
40004 1743078753
960 1743078753
40004 1743078754
40001 1743078755
1620 1743078755
40003 1743078756
40002 1743078757
40003 1743078758
40001 1743078759
40001 1743078760
40002 1743078761
40004 1743078762
40003 1743078763
40007 1743078764
40004 1743078765
40002 1743078766
40002 1743078767
40006 1743078768
40000 1743078769
40005 1743078770
40002 1743078771
40002 1743078772
40002 1743078773
40002 1743078774
40006 1743078775
40003 1743078776
40004 1743078777
40003 1743078778
40000 1743078779
40003 1743078780
40005 1743078781
40002 1743078782
40004 1743078783
40005 1743078784
40001 1743078785
3340 1743078785
40003 1743078786
40005 1743078787
40004 1743078788
40003 1743078789
40007 1743078790
40004 1743078791
40009 1743078792
40005 1743078793
40006 1743078794
40002 1743078795
40004 1743078796
40009 1743078797
40004 1743078798
40002 1743078799
40003 1743078800
40005 1743078801
1060 1743078802
40003 1743078802
40001 1743078803
40004 1743078804
40004 1743078805
40003 1743078806
40005 1743078807
40004 1743078808
40003 1743078809
40006 1743078810
40005 1743078811
40002 1743078812
40004 1743078813
40000 1743078814
40003 1743078815
40005 1743078816
40004 1743078817
40002 1743078818
40001 1743078819
1300 1743078819
40006 1743078820
40004 1743078821
40002 1743078822
40005 1743078823
40003 1743078824
40001 1743078825
40001 1743078826
40003 1743078827
40005 1743078828
40005 1743078829
40004 1743078830
40005 1743078831
40005 1743078832
40000 1743078833
40003 1743078834
40005 1743078835
40003 1743078836
40005 1743078837
40007 1743078838
40005 1743078839
40006 1743078840
40003 1743078841
40003 1743078842
40000 1743078843
40001 1743078844
40005 1743078845
40005 1743078846
40006 1743078847
40006 1743078848
40001 1743078849
40004 1743078850
40007 1743078851
40003 1743078852
40003 1743078853
40002 1743078854
40001 1743078855
40007 1743078856
40006 1743078857
40003 1743078858
40007 1743078859
40007 1743078860
40002 1743078861
40003 1743078862
40002 1743078863
40002 1743078864
40005 1743078865
40004 1743078866
160 1743078867
40007 1743078867
40003 1743078868
40005 1743078869
40004 1743078870
40005 1743078871
40002 1743078872
40002 1743078873
40003 1743078874
40005 1743078875
40000 1743078876
40006 1743078877
40001 1743078878
40003 1743078879
40005 1743078880
40003 1743078881
40002 1743078882
40004 1743078883
40002 1743078884
40004 1743078885
40001 1743078886
40001 1743078887
40006 1743078888
40005 1743078889
40003 1743078890
40001 1743078891
40004 1743078892
40002 1743078893
40001 1743078894
40003 1743078895
40004 1743078896
40005 1743078897
40003 1743078898
40004 1743078899
40003 1743078900
40002 1743078901
40001 1743078902
40005 1743078903
40002 1743078904
40003 1743078905
40001 1743078906
40002 1743078907
40004 1743078908
40001 1743078909
40005 1743078910
40004 1743078911
40005 1743078912
40004 1743078913
40004 1743078914
40002 1743078915
40005 1743078916
40005 1743078917
40003 1743078918
40004 1743078919
40001 1743078920
40001 1743078921
40003 1743078922
40002 1743078923
40006 1743078924
40003 1743078925
40003 1743078926
40007 1743078927
40003 1743078928
40004 1743078929
40000 1743078930
40001 1743078931
40005 1743078932
40004 1743078933
40002 1743078934
40003 1743078935
40004 1743078936
40003 1743078937
40002 1743078938
40009 1743078939
40003 1743078940
40006 1743078941
40003 1743078943
40002 1743078944
40004 1743078945
40007 1743078946
40003 1743078947
40003 1743078948
40003 1743078949
40003 1743078950
40005 1743078951
40002 1743078952
40001 1743078953
40003 1743078954
40002 1743078955
40004 1743078956
40004 1743078957
40003 1743078958
40002 1743078959
40001 1743078960
40002 1743078961
40007 1743078962
40004 1743078963
40004 1743078964
40006 1743078965
40006 1743078966
40006 1743078967
40003 1743078968
40003 1743078969
40005 1743078970
40004 1743078971
40004 1743078972
40002 1743078973
40003 1743078974
40005 1743078975
40005 1743078976
40005 1743078977
40002 1743078978
40004 1743078979
40003 1743078980
40010 1743078981
40002 1743078982
40005 1743078983
660 1743078983
40005 1743078984
40007 1743078985
40005 1743078986
40005 1743078987
40004 1743078988
40004 1743078989
40004 1743078990
40002 1743078991
40002 1743078992
40002 1743078993
40002 1743078994
40004 1743078995
40001 1743078996
40006 1743078997
40003 1743078998
40004 1743078999
40003 1743079000
40005 1743079001
40002 1743079002
40006 1743079003
40005 1743079004
40005 1743079005
40007 1743079006
40003 1743079007
40004 1743079008
40004 1743079009
40004 1743079010
40005 1743079011
1380 1743079011
40006 1743079012
40004 1743079013
40004 1743079014
40004 1743079015
40003 1743079016
40003 1743079017
40011 1743079018
40003 1743079019
40007 1743079020
40004 1743079021
40004 1743079022
40005 1743079023
40005 1743079024
40004 1743079025
40006 1743079026
40003 1743079027
40001 1743079028
40005 1743079029
40004 1743079030
40003 1743079031
40002 1743079032
40005 1743079033
40002 1743079034
40004 1743079035
40003 1743079036
40006 1743079037
40003 1743079038
40004 1743079039
40002 1743079040
40005 1743079041
40001 1743079042
40003 1743079043
40002 1743079044
40005 1743079045
40006 1743079046
40004 1743079047
40004 1743079048
40004 1743079049
40002 1743079050
40004 1743079051
40002 1743079052
40005 1743079053
40005 1743079054
40004 1743079055
40007 1743079056
40004 1743079057
40002 1743079058
40005 1743079059
40005 1743079060
40000 1743079061
40003 1743079062
40002 1743079063
40007 1743079064
40006 1743079065
40004 1743079066
40004 1743079067
40005 1743079068
40003 1743079069
40002 1743079070
40004 1743079071
40003 1743079072
40005 1743079073
40004 1743079074
40003 1743079075
40005 1743079076
40002 1743079077
40002 1743079078
40003 1743079079
40002 1743079080
40006 1743079081
40005 1743079082
40002 1743079083
40002 1743079084
40003 1743079085
40005 1743079086
40005 1743079087
40005 1743079088
40001 1743079089
40002 1743079090
40003 1743079091
40006 1743079092
40004 1743079093
40003 1743079094
40004 1743079095
40004 1743079096
40006 1743079097
40002 1743079098
40004 1743079099
40005 1743079100
40001 1743079101
40002 1743079102
40003 1743079103
40006 1743079104
40003 1743079105
40004 1743079106
4680 1743079106
40004 1743079107
40002 1743079108
40001 1743079109
40004 1743079110
40009 1743079111
40004 1743079112
40002 1743079113
40007 1743079114
40004 1743079115
40001 1743079116
40004 1743079117
40009 1743079118
40001 1743079119
40004 1743079120
40005 1743079121
40005 1743079122
40005 1743079123
40003 1743079124
40008 1743079125
40004 1743079126
40004 1743079127
40003 1743079128
40003 1743079129
40002 1743079130
40001 1743079131
40002 1743079132
40001 1743079133
40006 1743079134
40007 1743079135
40003 1743079136
4180 1743079136
40003 1743079137
580 1743079138
40004 1743079138
40002 1743079139
40002 1743079140
40000 1743079141
40002 1743079142
1760 1743079143
40005 1743079143
320 1743079144
40002 1743079144
40002 1743079145
40003 1743079146
40007 1743079147
40003 1743079148
40002 1743079149
40004 1743079150
40005 1743079151
40004 1743079152
40003 1743079153
40003 1743079154
40003 1743079155
40004 1743079156
40004 1743079157
40006 1743079158
40008 1743079159
40007 1743079160
40002 1743079161
40005 1743079162
40004 1743079163
40002 1743079164
40004 1743079165
40001 1743079166
40002 1743079167
40003 1743079168
40006 1743079169
40003 1743079170
40000 1743079171
40005 1743079172
40003 1743079173
40001 1743079174
40007 1743079175
40003 1743079176
40003 1743079177
40007 1743079178
40005 1743079179
40002 1743079180
40005 1743079181
40007 1743079182
40001 1743079183
40005 1743079184
40008 1743079185
40003 1743079186
40006 1743079187
40005 1743079188
40007 1743079189
40002 1743079190
40004 1743079191
40004 1743079192
40008 1743079193
40005 1743079194
40004 1743079195
40007 1743079196
40002 1743079197
40009 1743079198
40005 1743079199
40006 1743079200
40004 1743079201
40004 1743079202
40001 1743079204
40002 1743079205
40002 1743079206
40004 1743079207
40002 1743079208
2480 1743079208
40003 1743079209
40003 1743079210
40008 1743079211
40006 1743079212
40005 1743079213
40004 1743079214
40011 1743079215
40004 1743079216
40003 1743079217
40004 1743079218
40002 1743079219
40005 1743079220
40003 1743079221
40004 1743079222
40005 1743079223
40004 1743079224
1000 1743079224
40007 1743079225
40002 1743079226
40006 1743079227
40003 1743079228
40006 1743079229
40001 1743079230
40001 1743079231
40004 1743079232
40006 1743079233
220 1743079233
40007 1743079234
40002 1743079235
40000 1743079236
40004 1743079237
40002 1743079238
40005 1743079239
40005 1743079240
40004 1743079241
40005 1743079242
40004 1743079243
40006 1743079244
40007 1743079245
40007 1743079246
40003 1743079247
40005 1743079248
40004 1743079249
40003 1743079250
40005 1743079251
840 1743079251
40003 1743079252
40001 1743079253
40004 1743079254
40003 1743079255
40005 1743079256
40005 1743079257
40004 1743079258
40002 1743079259
40006 1743079260
40003 1743079261
40004 1743079262
40004 1743079263
40003 1743079264
40001 1743079265
40003 1743079266
40003 1743079267
40006 1743079268
40001 1743079269
40004 1743079270
40005 1743079271
40002 1743079272
40004 1743079273
40004 1743079274
40002 1743079275
40004 1743079276
40007 1743079277
40005 1743079278
40005 1743079279
40004 1743079280
40005 1743079281
40002 1743079282
40003 1743079283
40002 1743079284
40001 1743079285
40005 1743079286
40002 1743079287
40003 1743079288
40002 1743079289
40003 1743079290
40005 1743079291
40006 1743079292
40005 1743079293
40002 1743079294
40000 1743079295
4700 1743079295
40004 1743079296
40005 1743079297
40006 1743079298
40002 1743079299
40005 1743079300
40002 1743079301
40000 1743079302
40004 1743079303
40004 1743079304
40006 1743079305
40005 1743079306
40002 1743079307
40005 1743079308
40007 1743079309
40005 1743079310
40003 1743079311
40011 1743079312
40004 1743079313
40008 1743079314
40005 1743079315
40002 1743079316
40003 1743079317
40006 1743079318
40002 1743079319
40002 1743079320
40004 1743079321
40006 1743079322
40004 1743079323
40003 1743079324
40005 1743079325
40006 1743079326
40002 1743079327
40004 1743079328
40002 1743079329
40002 1743079330
40005 1743079331
40002 1743079332
40004 1743079333
40003 1743079334
40002 1743079335
40005 1743079336
40004 1743079337
40001 1743079338
40006 1743079339
40007 1743079340
40000 1743079341
40008 1743079342
40002 1743079343
40005 1743079344
40006 1743079345
40006 1743079346
40008 1743079347
40003 1743079348
40004 1743079349
40002 1743079350
40004 1743079351
40004 1743079352
40003 1743079353
40004 1743079354
40003 1743079355
40005 1743079356
40001 1743079357
40003 1743079358
40005 1743079359
40002 1743079360
40004 1743079361
40005 1743079362
40001 1743079363
40006 1743079364
3140 1743079364
40005 1743079365
40002 1743079366
40009 1743079367
40003 1743079368
40003 1743079369
40005 1743079370
40002 1743079371
40004 1743079372
40007 1743079373
40002 1743079374
40007 1743079375
3340 1743079376
40005 1743079376
40004 1743079377
40002 1743079378
40004 1743079379
40002 1743079380
40004 1743079381
40005 1743079382
40004 1743079383
40002 1743079384
40004 1743079385
40003 1743079386
40001 1743079387
40003 1743079388
40002 1743079389
40002 1743079390
40005 1743079391
40003 1743079392
40003 1743079393
40003 1743079394
40005 1743079395
40006 1743079396
40008 1743079397
40004 1743079398
40002 1743079399
40002 1743079400
40005 1743079401
40004 1743079402
40003 1743079403
40005 1743079404
40002 1743079405
40003 1743079406
40002 1743079407
40004 1743079408
40003 1743079409
40005 1743079411
40005 1743079412
40002 1743079413
40004 1743079414
40003 1743079415
40003 1743079416
40003 1743079417
40003 1743079418
40003 1743079419
40006 1743079420
40005 1743079421
40000 1743079422
40003 1743079423
40002 1743079424
40004 1743079425
40002 1743079426
40008 1743079427
40003 1743079428
40002 1743079429
40008 1743079430
40002 1743079431
40004 1743079432
40007 1743079433
40003 1743079434
40002 1743079435
40001 1743079436
40004 1743079437
40007 1743079438
40005 1743079439
40006 1743079440
40006 1743079441
40001 1743079442
40001 1743079443
40001 1743079444
40003 1743079445
40002 1743079446
40004 1743079447
40006 1743079448
40002 1743079449
40002 1743079450
40007 1743079451
40002 1743079452
40003 1743079453
40012 1743079454
40004 1743079455
40001 1743079456
40005 1743079457
40006 1743079458
40005 1743079459
40005 1743079460
40004 1743079461
40002 1743079462
40002 1743079463
40002 1743079464
40006 1743079465
40003 1743079466
40001 1743079467
40002 1743079468
40005 1743079469
40003 1743079470
40005 1743079471
40004 1743079472
40002 1743079473
40002 1743079474
40003 1743079475
40001 1743079476
40002 1743079477
40003 1743079478
40006 1743079479
40001 1743079480
40006 1743079481
40004 1743079482
40006 1743079483
40002 1743079484
40006 1743079485
40003 1743079486
40001 1743079487
40003 1743079488
40005 1743079489
40006 1743079490
40005 1743079491
40002 1743079492
40003 1743079493
40006 1743079494
40003 1743079495
40003 1743079496
40003 1743079497
40004 1743079498
40010 1743079499
40004 1743079500
40001 1743079501
40006 1743079502
40005 1743079503
40007 1743079504
40004 1743079505
40001 1743079506
40003 1743079507
40003 1743079508
40004 1743079509
40004 1743079510
40002 1743079511
40003 1743079512
40000 1743079513
40003 1743079514
40004 1743079515
40004 1743079516
40003 1743079517
40004 1743079518
40003 1743079519
40003 1743079520
40008 1743079521
40003 1743079522
40004 1743079523
40002 1743079524
40005 1743079525
40003 1743079526
40001 1743079527
40002 1743079528
40004 1743079529
40002 1743079530
40005 1743079531
40001 1743079532
40007 1743079533
40004 1743079534
40001 1743079535
40010 1743079536
40002 1743079537
40007 1743079538
40002 1743079539
40001 1743079540
40003 1743079541
40002 1743079542
40006 1743079543
40004 1743079544
40005 1743079545
40002 1743079546
40002 1743079547
40008 1743079548
40005 1743079549
40006 1743079550
40004 1743079551
40005 1743079552
40002 1743079553
40003 1743079554
40002 1743079555
40003 1743079556
40001 1743079557
40002 1743079558
40002 1743079559
40004 1743079560
40005 1743079561
40009 1743079562
40002 1743079563
40001 1743079564
40007 1743079565
40007 1743079566
40007 1743079567
40002 1743079568
40003 1743079569
40002 1743079570
40006 1743079571
40008 1743079572
40003 1743079573
40004 1743079574
40004 1743079575
40002 1743079576
40001 1743079577
40003 1743079578
40003 1743079579
40002 1743079580
40002 1743079581
40004 1743079582
7700 1743079582
40005 1743079583
40002 1743079584
40003 1743079585
40007 1743079586
40007 1743079587
40004 1743079588
40008 1743079589
40004 1743079590
40001 1743079591
40003 1743079592
40004 1743079593
40002 1743079594
40003 1743079595
40002 1743079596
40002 1743079597
40004 1743079598
40007 1743079599
40002 1743079600
40003 1743079601
40006 1743079602
40000 1743079603
40006 1743079604
40005 1743079605
920 1743079606
40008 1743079606
40002 1743079607
40003 1743079608
40003 1743079609
40002 1743079610
40002 1743079611
40001 1743079612
40006 1743079613
40002 1743079614
40002 1743079615
40003 1743079616
3400 1743079617
40005 1743079617
40003 1743079618
40002 1743079619
40004 1743079620
40003 1743079621
40004 1743079622
40002 1743079623
40005 1743079624
40002 1743079625
40007 1743079626
40002 1743079627
40004 1743079628
40003 1743079629
40007 1743079630
40003 1743079631
40003 1743079632
40003 1743079633
40002 1743079634
40003 1743079635
40005 1743079636
40005 1743079637
40002 1743079638
40001 1743079639
40006 1743079640
40003 1743079641
40002 1743079642
40006 1743079643
40003 1743079644
40002 1743079645
40002 1743079646
40002 1743079647
40003 1743079648
40004 1743079649
40002 1743079650
40004 1743079651
40003 1743079652
40001 1743079653
40006 1743079654
40000 1743079655
40002 1743079656
40010 1743079657
40004 1743079658
40005 1743079659
40001 1743079660
40005 1743079661
40004 1743079662
40004 1743079663
40003 1743079664
40003 1743079665
40003 1743079666
40003 1743079667
40002 1743079668
40002 1743079669
40004 1743079670
40008 1743079671
40004 1743079672
40005 1743079673
40001 1743079674
40004 1743079675
40003 1743079676
40007 1743079677
40001 1743079678
40007 1743079680
40003 1743079681
40001 1743079682
40002 1743079683
40004 1743079684
40004 1743079685
40003 1743079686
40002 1743079687
40007 1743079688
40005 1743079689
40004 1743079690
40002 1743079691
40000 1743079692
40004 1743079693
40002 1743079694
40006 1743079695
40005 1743079696
40007 1743079697
40013 1743079698
40004 1743079699
3640 1743079699
40004 1743079700
40002 1743079701
40001 1743079702
40001 1743079703
40006 1743079704
40004 1743079705
40004 1743079706
40002 1743079707
40008 1743079708
40006 1743079709
40004 1743079710
40001 1743079711
40003 1743079712
40006 1743079713
40003 1743079714
40008 1743079715
40003 1743079716
6780 1743079716
40002 1743079717
40003 1743079718
40003 1743079719
40005 1743079720
40006 1743079721
40003 1743079722
40003 1743079723
40002 1743079724
40005 1743079725
40005 1743079726
40004 1743079727
40006 1743079728
40005 1743079729
40008 1743079730
40005 1743079731
40004 1743079732
40001 1743079733
40000 1743079734
40003 1743079735
40004 1743079736
40002 1743079737
40003 1743079738
40002 1743079739
40004 1743079740
40004 1743079741
40006 1743079742
40002 1743079743
40009 1743079744
40003 1743079745
40003 1743079746
40006 1743079747
40003 1743079748
40007 1743079749
40003 1743079750
40005 1743079751
200 1743079751
40006 1743079752
40003 1743079753
40003 1743079754
40003 1743079755
40001 1743079756
40002 1743079757
40002 1743079758
40002 1743079759
40004 1743079760
40002 1743079761
40004 1743079762
40003 1743079763
40002 1743079764
40001 1743079765
40004 1743079766
2200 1743079767
40005 1743079767
40002 1743079768
40002 1743079769
40004 1743079770
40003 1743079771
40003 1743079772
40002 1743079773
40004 1743079774
40005 1743079775
40002 1743079776
40004 1743079777
40004 1743079778
40002 1743079779
40003 1743079780
40005 1743079781
40003 1743079782
40005 1743079783
40004 1743079784
40004 1743079785
40004 1743079786
40001 1743079787
40003 1743079788
40002 1743079789
40005 1743079790
40004 1743079791
40001 1743079792
40004 1743079793
40003 1743079794
40004 1743079795
40010 1743079796
40003 1743079797
40003 1743079798
40004 1743079799
6240 1743079799
40007 1743079800
40004 1743079801
40006 1743079802
40006 1743079803
40006 1743079804
40003 1743079805
40004 1743079806
40006 1743079807
40003 1743079808
40001 1743079809
40006 1743079810
40005 1743079811
40006 1743079812
40004 1743079813
40004 1743079814
40002 1743079815
40007 1743079816
40003 1743079817
40009 1743079818
40002 1743079819
40006 1743079820
40001 1743079821
40005 1743079822
40002 1743079823
40005 1743079824
40004 1743079825
40002 1743079826
40001 1743079827
40004 1743079828
40000 1743079829
40005 1743079830
40001 1743079831
40001 1743079832
40000 1743079833
2620 1743079834
40006 1743079834
40004 1743079835
40000 1743079836
40001 1743079837
40003 1743079838
40001 1743079839
40005 1743079840
40004 1743079841
40004 1743079842
40004 1743079843
40003 1743079844
40006 1743079845
40003 1743079846
40002 1743079847
40002 1743079848
40002 1743079849
40003 1743079850
40002 1743079851
40003 1743079852
40004 1743079853
40005 1743079854
40005 1743079855
40003 1743079856
40003 1743079857
40003 1743079858
40003 1743079859
40005 1743079860
40003 1743079861
40002 1743079862
40001 1743079863
40002 1743079864
40003 1743079865
40000 1743079866
40005 1743079867
40004 1743079868
40001 1743079869
40005 1743079870
40007 1743079871
40009 1743079872
40002 1743079873
40004 1743079874
40006 1743079875
40004 1743079876
40004 1743079877
40004 1743079878
40004 1743079879
40002 1743079880
40001 1743079881
40003 1743079882
40003 1743079883
40004 1743079884
40010 1743079885
40002 1743079886
40002 1743079887
40003 1743079888
40002 1743079889
40004 1743079890
40003 1743079891
40003 1743079892
40004 1743079893
40004 1743079894
40003 1743079895
40001 1743079896
40005 1743079897
40001 1743079898
40002 1743079899
40001 1743079900
40009 1743079901
40003 1743079902
40002 1743079903
40003 1743079904
40007 1743079905
40002 1743079906
40003 1743079907
40005 1743079908
40003 1743079909
40007 1743079910
40007 1743079911
40004 1743079912
40001 1743079913
40003 1743079914
40003 1743079915
40004 1743079916
40004 1743079917
40002 1743079918
40004 1743079919
40006 1743079920
40003 1743079921
40003 1743079922
40004 1743079923
40004 1743079924
40005 1743079925
40008 1743079927
40001 1743079928
40005 1743079929
40000 1743079930
40002 1743079931
40004 1743079932
40002 1743079933
40003 1743079934
40004 1743079935
40004 1743079936
40003 1743079937
40003 1743079938
40004 1743079939
40002 1743079940
40005 1743079941
40009 1743079942
40005 1743079943
40001 1743079944
40004 1743079945
40002 1743079946
40005 1743079947
40005 1743079948
40005 1743079949
40003 1743079950
40003 1743079951
40003 1743079952
40002 1743079953
40002 1743079954
40004 1743079955
40000 1743079956
40002 1743079957
40003 1743079958
40000 1743079959
40006 1743079960
40003 1743079961
40002 1743079962
40004 1743079963
40002 1743079964
40006 1743079965
40001 1743079966
40006 1743079967
40005 1743079968
40004 1743079969
40001 1743079970
40004 1743079971
40005 1743079972
40002 1743079973
40006 1743079974
40003 1743079975
40002 1743079976
40002 1743079977
40003 1743079978
40006 1743079979
40006 1743079980
40004 1743079981
40003 1743079982
40004 1743079983
40001 1743079984
40003 1743079985
40004 1743079986
40004 1743079987
40002 1743079988
40002 1743079989
40003 1743079990
40006 1743079991
40005 1743079992
40004 1743079993
40004 1743079994
40003 1743079995
40002 1743079996
40003 1743079997
40002 1743079998
40004 1743079999
40005 1743080000
40002 1743080001
40005 1743080002
40002 1743080003
40007 1743080004
40004 1743080005
40005 1743080006
40000 1743080007
40006 1743080008
40003 1743080009
40004 1743080010
40007 1743080011
40001 1743080012
40002 1743080013
40002 1743080014
40008 1743080015
40003 1743080016
40002 1743080017
40001 1743080018
40005 1743080019
40003 1743080020
40002 1743080021
40003 1743080022
40005 1743080023
40003 1743080024
40003 1743080025
40005 1743080026
40006 1743080027
40002 1743080028
40003 1743080029
40005 1743080030
40006 1743080031
40004 1743080032
40006 1743080033
40001 1743080034
40004 1743080035
40003 1743080036
40002 1743080037
40003 1743080038
40003 1743080039
40007 1743080040
40003 1743080041
40004 1743080042
40005 1743080043
40002 1743080044
40001 1743080045
40003 1743080046
40005 1743080047
40005 1743080048
40005 1743080049
40005 1743080050
40008 1743080051
40004 1743080052
40002 1743080053
3020 1743080053
40005 1743080054
40004 1743080055
40007 1743080056
40002 1743080057
40004 1743080058
40002 1743080059
40004 1743080060
40003 1743080061
40002 1743080062
40003 1743080063
40004 1743080064
40006 1743080065
40005 1743080066
40005 1743080067
40003 1743080068
40010 1743080069
40001 1743080070
40004 1743080071
40004 1743080072
40003 1743080073
40002 1743080074
40000 1743080075
40002 1743080076
40003 1743080077
40002 1743080078
40000 1743080079
40004 1743080080
40001 1743080081
40004 1743080082
40000 1743080083
40008 1743080084
40004 1743080085
40005 1743080086
40006 1743080087
40001 1743080088
40004 1743080089
40004 1743080090
40002 1743080091
40003 1743080092
40002 1743080093
40000 1743080094
40003 1743080095
40001 1743080096
40007 1743080097
40003 1743080098
40002 1743080099
40003 1743080100
40001 1743080101
40010 1743080102
40002 1743080103
40005 1743080104
40003 1743080105
40004 1743080106
40003 1743080107
40003 1743080108
40005 1743080109
40003 1743080110
40001 1743080111
40005 1743080112
40003 1743080113
40001 1743080114
40004 1743080115
40004 1743080116
1700 1743080117
40003 1743080117
40001 1743080118
40004 1743080119
40003 1743080120
40005 1743080121
40005 1743080122
40002 1743080123
40003 1743080124
40003 1743080125
40002 1743080126
40002 1743080127
40004 1743080128
2240 1743080128
40003 1743080129
40007 1743080130
40005 1743080131
40002 1743080132
40003 1743080133
40004 1743080134
40007 1743080135
40004 1743080136
40003 1743080137
40003 1743080138
40003 1743080139
40007 1743080140
40005 1743080141
40002 1743080142
40007 1743080143
40005 1743080144
40002 1743080145
40005 1743080146
40007 1743080147
40003 1743080148
40003 1743080149
40007 1743080150
40006 1743080151
40004 1743080152
40003 1743080153
40000 1743080154
40003 1743080155
40002 1743080156
40002 1743080158
40005 1743080159
40004 1743080160
40002 1743080161
40003 1743080162
40003 1743080163
40004 1743080164
40005 1743080165
40007 1743080166
40002 1743080167
40003 1743080168
40005 1743080169
40003 1743080170
40001 1743080171
40003 1743080172
40006 1743080173
40005 1743080174
40004 1743080175
40005 1743080176
40004 1743080177
40009 1743080178
40003 1743080179
40006 1743080180
40005 1743080181
40003 1743080182
40002 1743080183
40007 1743080184
40004 1743080185
40004 1743080186
40003 1743080187
40006 1743080188
40007 1743080189
40002 1743080190
40004 1743080191
40005 1743080192
40002 1743080193
40001 1743080194
40004 1743080195
40003 1743080196
40001 1743080197
40005 1743080198
40002 1743080199
40004 1743080200
40008 1743080201
40003 1743080202
40005 1743080203
40003 1743080204
40005 1743080205
40001 1743080206
40005 1743080207
40003 1743080208
40006 1743080209
40003 1743080210
40005 1743080211
40006 1743080212
40006 1743080213
40007 1743080214
40004 1743080215
40002 1743080216
40000 1743080217
40002 1743080218
40006 1743080219
40004 1743080220
40003 1743080221
40006 1743080222
40008 1743080223
40010 1743080224
40002 1743080225
40002 1743080226
40001 1743080227
40000 1743080228
40004 1743080229
40006 1743080230
40006 1743080231
40008 1743080232
40001 1743080233
40002 1743080234
40003 1743080235
40002 1743080236
40007 1743080237
40007 1743080238
40001 1743080239
40002 1743080240
40003 1743080241
40004 1743080242
40003 1743080243
40004 1743080244
40003 1743080245
40003 1743080246
40004 1743080247
40001 1743080248
40007 1743080249
40005 1743080250
40002 1743080251
40003 1743080252
40004 1743080253
40005 1743080254
40006 1743080255
40004 1743080256
40003 1743080257
40001 1743080258
40003 1743080259
40005 1743080260
40002 1743080261
40005 1743080262
40002 1743080263
40001 1743080264
40004 1743080265
40000 1743080266
40003 1743080267
40003 1743080268
40003 1743080269
40001 1743080270
40006 1743080271
40005 1743080272
40004 1743080273
40004 1743080274
40005 1743080275
40004 1743080276
40006 1743080277
40004 1743080278
40003 1743080279
40004 1743080280
40002 1743080281
40002 1743080282
40004 1743080283
40006 1743080284
40006 1743080285
40008 1743080286
40001 1743080287
40003 1743080288
40005 1743080289
40002 1743080290
40000 1743080291
40000 1743080292
