40000 1743080301
40000 1743080302
40009 1743080303
40004 1743080304
40003 1743080305
40003 1743080306
40000 1743080307
40003 1743080308
40003 1743080309
40002 1743080310
40003 1743080311
40001 1743080312
40005 1743080313
40004 1743080314
40003 1743080315
40004 1743080316
40004 1743080317
40003 1743080318
40002 1743080319
40005 1743080320
40004 1743080321
40005 1743080322
40002 1743080323
40003 1743080324
40005 1743080325
40003 1743080326
40002 1743080327
40003 1743080328
40004 1743080329
40008 1743080330
40001 1743080331
40002 1743080332
40003 1743080333
40000 1743080334
40007 1743080335
40003 1743080336
40002 1743080337
40008 1743080338
40003 1743080339
40005 1743080340
40003 1743080341
40003 1743080342
40005 1743080343
40001 1743080344
40004 1743080345
40003 1743080346
40005 1743080347
40005 1743080348
40000 1743080349
40000 1743080350
40000 1743080351
