40000 1737389512
40000 1737389513
40010 1737389514
40002 1737389515
40001 1737389516
40004 1737389517
40001 1737389518
40002 1737389519
40002 1737389520
40004 1737389521
40005 1737389522
40007 1737389523
40006 1737389524
40004 1737389525
40004 1737389526
40002 1737389527
40006 1737389528
40003 1737389529
40005 1737389530
40006 1737389531
40003 1737389532
40003 1737389533
40004 1737389534
40003 1737389535
40005 1737389536
40006 1737389537
40004 1737389538
40005 1737389539
40002 1737389540
40003 1737389541
40003 1737389542
40004 1737389543
40005 1737389545
40001 1737389546
40002 1737389547
40004 1737389548
40004 1737389549
40003 1737389550
40000 1737389551
40002 1737389552
40001 1737389553
40008 1737389554
40002 1737389555
40004 1737389556
40003 1737389557
40003 1737389558
40007 1737389559
40002 1737389560
40002 1737389561
40002 1737389562
40004 1737389563
40004 1737389564
40002 1737389565
40002 1737389566
40005 1737389567
40002 1737389568
40002 1737389569
40003 1737389570
40004 1737389571
40003 1737389572
40003 1737389573
40003 1737389574
40002 1737389575
40003 1737389576
40002 1737389577
40004 1737389578
40005 1737389579
40006 1737389580
40002 1737389581
40002 1737389582
40002 1737389583
40004 1737389584
40002 1737389585
40000 1737389586
40004 1737389587
40004 1737389588
40002 1737389589
40001 1737389590
40006 1737389591
40004 1737389592
40003 1737389593
40000 1737389594
40001 1737389595
40005 1737389596
40005 1737389597
40002 1737389598
40003 1737389599
40002 1737389600
40001 1737389601
40003 1737389602
40005 1737389603
40004 1737389604
40006 1737389605
40004 1737389606
40005 1737389607
40003 1737389608
40005 1737389609
40003 1737389610
40006 1737389611
40004 1737389612
40003 1737389613
40005 1737389614
40003 1737389615
40005 1737389616
40003 1737389617
40005 1737389618
40003 1737389619
40002 1737389620
40001 1737389621
40004 1737389622
40001 1737389623
40005 1737389624
40003 1737389625
40003 1737389626
40004 1737389627
40002 1737389628
40002 1737389629
40005 1737389630
40005 1737389631
40002 1737389632
40002 1737389633
40003 1737389634
40001 1737389635
40003 1737389636
40004 1737389637
40002 1737389638
40002 1737389639
40006 1737389640
40005 1737389641
40004 1737389642
40002 1737389643
40003 1737389644
40001 1737389645
40007 1737389646
40003 1737389647
40004 1737389648
40002 1737389649
40003 1737389650
40004 1737389651
40003 1737389652
40003 1737389653
40007 1737389654
40007 1737389655
40000 1737389656
40006 1737389657
40003 1737389658
40002 1737389659
40006 1737389660
40002 1737389661
40004 1737389662
40003 1737389663
40003 1737389664
40003 1737389665
40007 1737389666
40004 1737389667
40003 1737389668
40004 1737389669
300 1737389669
40003 1737389670
40008 1737389671
40002 1737389672
40002 1737389673
40005 1737389674
40005 1737389675
40006 1737389676
40004 1737389677
520 1737389678
40004 1737389678
40001 1737389679
40002 1737389680
40002 1737389681
40003 1737389682
40004 1737389683
40005 1737389684
40003 1737389685
40004 1737389686
40001 1737389687
40009 1737389688
40002 1737389689
40002 1737389690
40004 1737389691
40001 1737389692
40008 1737389693
40003 1737389694
40002 1737389695
40002 1737389696
40005 1737389697
40001 1737389698
40006 1737389699
40005 1737389700
40004 1737389701
40006 1737389702
40005 1737389703
40004 1737389704
40005 1737389705
40003 1737389706
40006 1737389707
40008 1737389708
40002 1737389709
40009 1737389710
40002 1737389711
40005 1737389712
40006 1737389713
40003 1737389714
40003 1737389715
40003 1737389716
40005 1737389717
40006 1737389718
40001 1737389720
40003 1737389721
40005 1737389722
40002 1737389723
40003 1737389724
40003 1737389725
40003 1737389726
40007 1737389727
40002 1737389728
40004 1737389729
4620 1737389729
40004 1737389730
120 1737389730
40004 1737389731
40001 1737389732
40005 1737389733
40004 1737389734
40006 1737389735
40006 1737389736
40006 1737389737
40002 1737389738
40003 1737389739
40003 1737389740
40001 1737389741
40003 1737389742
40007 1737389743
40004 1737389744
40009 1737389745
40002 1737389746
40002 1737389747
40004 1737389748
40005 1737389749
40003 1737389750
40003 1737389751
40000 1737389752
40004 1737389753
40007 1737389754
40004 1737389755
40002 1737389756
40004 1737389757
40002 1737389758
40004 1737389759
40004 1737389760
40009 1737389761
40006 1737389762
40003 1737389763
40003 1737389764
4040 1737389764
40005 1737389765
40006 1737389766
40003 1737389767
40004 1737389768
40001 1737389769
40006 1737389770
40004 1737389771
40003 1737389772
40004 1737389773
40003 1737389774
40005 1737389775
40003 1737389776
320 1737389777
40006 1737389777
40005 1737389778
40001 1737389779
40007 1737389780
40003 1737389781
40002 1737389782
40003 1737389783
40002 1737389784
40000 1737389785
40002 1737389786
40004 1737389787
40005 1737389788
40004 1737389789
40006 1737389790
40004 1737389791
40004 1737389792
40003 1737389793
40004 1737389794
40002 1737389795
40004 1737389796
40004 1737389797
40007 1737389798
40003 1737389799
40008 1737389800
40004 1737389801
40004 1737389802
40005 1737389803
40004 1737389804
40003 1737389805
40002 1737389806
40004 1737389807
40006 1737389808
40003 1737389809
40002 1737389810
40001 1737389811
40003 1737389812
40003 1737389813
40005 1737389814
40004 1737389815
40001 1737389816
40004 1737389817
40006 1737389818
40003 1737389819
40003 1737389820
40005 1737389821
40005 1737389822
40004 1737389823
40005 1737389824
40003 1737389825
40001 1737389826
40003 1737389827
40004 1737389828
40005 1737389829
40005 1737389830
40005 1737389831
40005 1737389832
40001 1737389833
40006 1737389834
40004 1737389835
40003 1737389836
40004 1737389837
40002 1737389838
40003 1737389839
40003 1737389840
40002 1737389841
40003 1737389842
40002 1737389843
40006 1737389844
40004 1737389845
40004 1737389846
40004 1737389847
40002 1737389848
40003 1737389849
40003 1737389850
40002 1737389851
40004 1737389852
40007 1737389853
40002 1737389854
40005 1737389855
40002 1737389856
40006 1737389857
40001 1737389858
40001 1737389859
40001 1737389860
40006 1737389861
40002 1737389862
40004 1737389863
40003 1737389864
40005 1737389865
40009 1737389866
1960 1737389867
40004 1737389867
40003 1737389868
40001 1737389869
40004 1737389870
40008 1737389872
40002 1737389873
40002 1737389874
40006 1737389875
40003 1737389876
40007 1737389877
40004 1737389878
40005 1737389879
40005 1737389880
40003 1737389881
40003 1737389882
40002 1737389883
40005 1737389884
40004 1737389885
40005 1737389886
40009 1737389887
40004 1737389888
40004 1737389889
40004 1737389890
40004 1737389891
40003 1737389892
40004 1737389893
40002 1737389894
40005 1737389895
140 1737389895
40005 1737389896
40005 1737389897
40005 1737389898
40004 1737389899
40002 1737389900
40003 1737389901
40002 1737389902
40004 1737389903
40004 1737389904
40001 1737389905
40001 1737389906
40004 1737389907
40010 1737389908
40001 1737389909
40001 1737389910
40004 1737389911
40005 1737389912
40005 1737389913
40003 1737389914
40005 1737389915
40002 1737389916
40005 1737389917
40002 1737389918
40005 1737389919
40005 1737389920
40003 1737389921
40007 1737389922
40005 1737389923
40004 1737389924
40004 1737389925
40002 1737389926
40003 1737389927
40004 1737389928
40002 1737389929
40003 1737389930
40005 1737389931
40002 1737389932
40005 1737389933
40004 1737389934
40005 1737389935
40005 1737389936
40003 1737389937
40003 1737389938
40005 1737389939
40004 1737389940
40003 1737389941
40003 1737389942
40006 1737389943
40003 1737389944
40005 1737389945
40002 1737389946
40001 1737389947
40007 1737389948
40001 1737389949
40005 1737389950
40007 1737389951
40004 1737389952
40003 1737389953
40006 1737389954
40003 1737389955
40003 1737389956
40001 1737389957
40002 1737389958
40003 1737389959
40002 1737389960
40003 1737389961
7240 1737389962
40004 1737389962
40004 1737389963
40003 1737389964
40006 1737389965
40003 1737389966
40005 1737389967
40002 1737389968
40006 1737389969
40004 1737389970
40002 1737389971
40004 1737389972
40004 1737389973
40004 1737389974
40003 1737389975
40002 1737389976
40006 1737389977
40004 1737389978
40003 1737389979
40002 1737389980
40002 1737389981
40004 1737389982
40006 1737389983
40004 1737389984
40006 1737389985
40002 1737389986
40003 1737389987
40006 1737389988
40004 1737389989
40003 1737389990
40004 1737389991
40002 1737389992
40007 1737389993
40003 1737389994
40005 1737389995
40000 1737389996
40003 1737389997
40003 1737389998
40002 1737389999
40004 1737390000
40005 1737390001
40011 1737390002
40005 1737390003
40004 1737390004
40002 1737390005
40002 1737390006
40006 1737390007
40003 1737390008
40005 1737390009
40004 1737390010
40003 1737390011
40003 1737390012
40001 1737390013
40003 1737390014
40003 1737390015
40005 1737390016
40005 1737390017
40001 1737390018
40004 1737390019
40007 1737390020
40006 1737390021
40008 1737390022
40002 1737390023
40005 1737390024
40006 1737390025
40003 1737390026
40000 1737390027
40000 1737390028
40003 1737390030
40002 1737390031
40004 1737390032
40003 1737390033
40002 1737390034
40003 1737390035
40002 1737390036
40003 1737390037
40004 1737390038
40003 1737390039
40004 1737390040
40004 1737390041
40004 1737390042
40006 1737390043
40003 1737390044
40003 1737390045
40005 1737390046
40002 1737390047
40000 1737390048
40003 1737390049
40004 1737390050
40003 1737390051
40002 1737390052
40003 1737390053
40000 1737390054
40006 1737390055
40003 1737390056
40003 1737390057
40003 1737390058
40006 1737390059
40005 1737390060
40003 1737390061
40006 1737390062
40007 1737390063
40006 1737390064
40005 1737390065
40009 1737390066
40006 1737390067
40005 1737390068
40006 1737390069
40004 1737390070
40005 1737390071
40000 1737390072
40003 1737390073
40002 1737390074
40003 1737390075
40002 1737390076
40004 1737390077
40005 1737390078
40003 1737390079
40006 1737390080
40006 1737390081
40004 1737390082
40001 1737390083
880 1737390083
40003 1737390084
40003 1737390085
40003 1737390086
40000 1737390087
40005 1737390088
40002 1737390089
40004 1737390090
40002 1737390091
40004 1737390092
40003 1737390093
40002 1737390094
40004 1737390095
40002 1737390096
40004 1737390097
40002 1737390098
40002 1737390099
40003 1737390100
40008 1737390101
40004 1737390102
40007 1737390103
40006 1737390104
40006 1737390105
40003 1737390106
40005 1737390107
40003 1737390108
40002 1737390109
40002 1737390110
40004 1737390111
40006 1737390112
40006 1737390113
40003 1737390114
40004 1737390115
40001 1737390116
40006 1737390117
40004 1737390118
40005 1737390119
40003 1737390120
40005 1737390121
40004 1737390122
40005 1737390123
40010 1737390124
40007 1737390125
40003 1737390126
40002 1737390127
40000 1737390128
40000 1737390129
40000 1737390130
40000 1737390131
40000 1737390132
40000 1737390133
40000 1737390134
40000 1737390135
40000 1737390136
40000 1737390137
40000 1737390138
40000 1737390139
40000 1737390140
40000 1737390141
40000 1737390142
40000 1737390143
40000 1737390144
40000 1737390145
40000 1737390146
40000 1737390147
40000 1737390148
40000 1737390149
40000 1737390150
40000 1737390151
40000 1737390152
40000 1737390153
40000 1737390154
40000 1737390155
40000 1737390156
40000 1737390157
40000 1737390158
40000 1737390159
40000 1737390160
40000 1737390161
40000 1737390162
40000 1737390163
40000 1737390164
40000 1737390165
40000 1737390166
40000 1737390167
40000 1737390168
40000 1737390169
40000 1737390170
40000 1737390171
40000 1737390172
40000 1737390173
40000 1737390174
40000 1737390175
40000 1737390176
40000 1737390177
