40000 1737386186
40000 1737386187
40002 1737386188
40002 1737386189
40001 1737386190
40003 1737386191
40004 1737386192
40002 1737386193
40000 1737386194
40002 1737386195
40003 1737386196
40003 1737386197
40005 1737386198
40000 1737386199
40003 1737386200
40004 1737386201
40004 1737386202
40003 1737386203
40003 1737386204
40001 1737386205
40001 1737386206
40004 1737386207
40002 1737386208
40001 1737386209
40001 1737386210
40004 1737386211
40002 1737386212
40006 1737386213
40004 1737386214
40002 1737386215
40002 1737386216
40003 1737386217
40002 1737386218
40002 1737386219
40002 1737386220
40002 1737386221
40001 1737386222
40002 1737386223
40001 1737386224
40000 1737386225
40002 1737386226
40003 1737386227
40003 1737386228
40004 1737386229
40001 1737386230
40003 1737386231
40002 1737386232
40001 1737386233
40001 1737386234
40003 1737386235
40002 1737386236
40001 1737386237
40002 1737386238
40003 1737386239
40000 1737386241
40004 1737386242
40003 1737386243
40001 1737386244
40000 1737386245
40005 1737386246
40002 1737386247
40001 1737386248
40002 1737386249
40004 1737386250
40001 1737386251
40001 1737386252
40002 1737386253
40004 1737386254
40002 1737386255
2240 1737386255
40005 1737386256
40002 1737386257
40004 1737386258
40004 1737386259
40001 1737386260
40005 1737386261
40003 1737386262
40001 1737386263
40002 1737386264
40004 1737386265
40001 1737386266
40002 1737386267
40002 1737386268
40004 1737386269
40003 1737386270
40000 1737386271
40000 1737386272
40001 1737386273
40002 1737386274
40001 1737386275
40005 1737386276
40002 1737386277
40002 1737386278
40005 1737386279
40001 1737386280
40006 1737386281
40004 1737386282
40001 1737386283
40002 1737386284
40004 1737386285
40000 1737386286
40003 1737386287
40001 1737386288
40002 1737386289
40003 1737386290
40004 1737386291
40002 1737386292
40003 1737386293
40000 1737386294
40001 1737386295
40002 1737386296
40005 1737386297
40001 1737386298
40001 1737386299
40003 1737386300
40002 1737386301
40001 1737386302
40003 1737386303
40000 1737386304
40002 1737386305
40003 1737386306
40001 1737386307
40002 1737386308
40001 1737386309
40003 1737386310
40003 1737386311
40004 1737386312
40001 1737386313
40003 1737386314
40003 1737386315
40004 1737386316
40000 1737386317
40002 1737386318
40003 1737386319
40001 1737386320
40003 1737386321
40003 1737386322
40002 1737386323
40001 1737386324
40001 1737386325
40004 1737386326
40001 1737386327
40002 1737386328
40003 1737386329
40000 1737386330
40001 1737386331
40001 1737386332
40003 1737386333
40000 1737386334
40005 1737386335
40002 1737386336
40002 1737386337
40003 1737386338
40002 1737386339
40005 1737386340
40001 1737386341
40003 1737386342
40005 1737386343
40003 1737386344
40001 1737386345
40003 1737386346
40001 1737386347
40003 1737386348
40002 1737386349
40008 1737386350
40001 1737386351
40000 1737386352
40000 1737386353
40004 1737386354
40002 1737386355
40001 1737386356
40006 1737386357
40003 1737386358
40003 1737386359
40006 1737386360
40000 1737386361
40001 1737386362
40000 1737386363
820 1737386364
40003 1737386364
40002 1737386365
40001 1737386366
40003 1737386367
40001 1737386368
40004 1737386369
40002 1737386370
40003 1737386371
40003 1737386372
40001 1737386373
40004 1737386374
40003 1737386375
40005 1737386376
40004 1737386377
40005 1737386378
40004 1737386379
40001 1737386380
40002 1737386381
40008 1737386382
40003 1737386383
40002 1737386384
40003 1737386385
40002 1737386386
40004 1737386387
40001 1737386388
40002 1737386389
40004 1737386390
40002 1737386391
40004 1737386392
40001 1737386393
40002 1737386394
40002 1737386395
40001 1737386396
40002 1737386397
40001 1737386398
40003 1737386399
40001 1737386400
40004 1737386401
40003 1737386402
40004 1737386403
40001 1737386404
40004 1737386405
40004 1737386406
40003 1737386407
40003 1737386409
40001 1737386410
40005 1737386411
40001 1737386412
40002 1737386413
40001 1737386414
40000 1737386415
40003 1737386416
40000 1737386417
40005 1737386418
40001 1737386419
40001 1737386420
40001 1737386421
40005 1737386422
40002 1737386423
40003 1737386424
40003 1737386425
40002 1737386426
40005 1737386427
40002 1737386428
40001 1737386429
40002 1737386430
40003 1737386431
40003 1737386432
40000 1737386433
40002 1737386434
40003 1737386435
40001 1737386436
40002 1737386437
40004 1737386438
40001 1737386439
40001 1737386440
40001 1737386441
40003 1737386442
40002 1737386443
40002 1737386444
40002 1737386445
40002 1737386446
40002 1737386447
40002 1737386448
40001 1737386449
40001 1737386450
40001 1737386451
40002 1737386452
40004 1737386453
40001 1737386454
40001 1737386455
40003 1737386456
40002 1737386457
40000 1737386458
40001 1737386459
40003 1737386460
40001 1737386461
40004 1737386462
40001 1737386463
40002 1737386464
40003 1737386465
40002 1737386466
40002 1737386467
40004 1737386468
40001 1737386469
40002 1737386470
40001 1737386471
40001 1737386472
40003 1737386473
40002 1737386474
40003 1737386475
40002 1737386476
40002 1737386477
40002 1737386478
40003 1737386479
40002 1737386480
40004 1737386481
40006 1737386482
40003 1737386483
40002 1737386484
40003 1737386485
40002 1737386486
40005 1737386487
40002 1737386488
40002 1737386489
40001 1737386490
40002 1737386491
40005 1737386492
40001 1737386493
40002 1737386494
40001 1737386495
40003 1737386496
40002 1737386497
40000 1737386498
40004 1737386499
40003 1737386500
40001 1737386501
40002 1737386502
40004 1737386503
40002 1737386504
40005 1737386505
40005 1737386506
40003 1737386507
40001 1737386508
40000 1737386509
40004 1737386510
40001 1737386511
40001 1737386512
40000 1737386513
40001 1737386514
40002 1737386515
40000 1737386516
40004 1737386517
40000 1737386518
40001 1737386519
40007 1737386520
40002 1737386521
40001 1737386522
40004 1737386523
40002 1737386524
40001 1737386525
40001 1737386526
40002 1737386527
40004 1737386528
40004 1737386529
40003 1737386530
40000 1737386531
40003 1737386532
40002 1737386533
40006 1737386534
40002 1737386535
40002 1737386536
40001 1737386537
40002 1737386538
40000 1737386539
40001 1737386540
40002 1737386541
40002 1737386542
40003 1737386543
40005 1737386544
40003 1737386545
40001 1737386546
40004 1737386547
40002 1737386548
40001 1737386549
40003 1737386550
40002 1737386551
40001 1737386552
40005 1737386553
40004 1737386554
40001 1737386555
40004 1737386556
40004 1737386557
40002 1737386558
40004 1737386559
40002 1737386560
40002 1737386561
40002 1737386562
40005 1737386563
40004 1737386564
440 1737386564
40002 1737386565
40003 1737386566
40002 1737386567
40001 1737386568
40001 1737386569
40001 1737386570
40002 1737386571
40002 1737386572
40003 1737386573
40003 1737386574
40004 1737386575
40003 1737386576
40004 1737386577
40001 1737386578
40004 1737386579
40003 1737386580
40004 1737386581
40001 1737386582
40002 1737386583
40001 1737386584
40002 1737386585
40003 1737386586
40004 1737386588
40000 1737386589
40004 1737386590
40002 1737386591
40001 1737386592
40002 1737386593
40007 1737386594
40002 1737386595
40004 1737386596
40001 1737386597
40002 1737386598
40003 1737386599
40000 1737386600
40003 1737386601
40003 1737386602
40003 1737386603
40003 1737386604
40002 1737386605
40001 1737386606
40003 1737386607
40001 1737386608
40002 1737386609
40001 1737386610
40001 1737386611
40002 1737386612
40004 1737386613
40001 1737386614
40004 1737386615
40001 1737386616
40002 1737386617
40001 1737386618
40006 1737386619
40003 1737386620
40003 1737386621
40002 1737386622
40001 1737386623
40000 1737386624
40000 1737386625
40000 1737386626
40000 1737386627
40000 1737386628
40000 1737386629
40000 1737386630
40000 1737386631
40000 1737386632
40000 1737386633
40000 1737386634
40000 1737386635
40000 1737386636
40000 1737386637
40000 1737386638
40000 1737386639
40000 1737386640
40000 1737386641
40000 1737386642
40000 1737386643
40000 1737386644
40000 1737386645
40000 1737386646
40000 1737386647
40000 1737386648
40000 1737386649
40000 1737386650
40000 1737386651
40000 1737386652
