40000 1743074796
40000 1743074797
40001 1743074798
40000 1743074799
40000 1743074800
40000 1743074801
40000 1743074802
40000 1743074803
40000 1743074804
40000 1743074805
40000 1743074806
40000 1743074807
40000 1743074808
40000 1743074809
40000 1743074810
40001 1743074811
40000 1743074812
1020 1743074813
1020 1743074813
1020 1743074813
1020 1743074813
1020 1743074813
40 1743074813
1020 1743074813
640 1743074813
1020 1743074813
1020 1743074813
40 1743074813
1040 1743074813
1020 1743074813
1000 1743074813
640 1743074813
1000 1743074813
380 1743074813
40 1743074813
40 1743074813
60 1743074813
2900 1743074813
600 1743074813
40 1743074813
1980 1743074813
460 1743074813
5500 1743074813
5500 1743074813
40 1743074813
40 1743074813
40 1743074813
4340 1743074813
60 1743074813
60 1743074813
40 1743074813
40 1743074813
40 1743074813
14560 1743074813
60 1743074813
280 1743074813
240 1743074813
60 1743074813
60 1743074813
60 1743074813
60 1743074813
8100 1743074813
7720 1743074813
5680 1743074813
40 1743074813
60 1743074813
220 1743074813
19680 1743074813
60 1743074813
40 1743074813
180 1743074813
200 1743074813
200 1743074813
180 1743074813
200 1743074813
200 1743074813
200 1743074813
180 1743074813
200 1743074813
200 1743074813
200 1743074813
180 1743074813
200 1743074813
200 1743074813
200 1743074813
180 1743074813
40082 1743074813
200 1743074813
180 1743074813
180 1743074813
180 1743074813
180 1743074813
200 1743074813
180 1743074813
200 1743074813
200 1743074813
180 1743074813
200 1743074813
200 1743074813
180 1743074813
200 1743074813
180 1743074813
200 1743074813
200 1743074813
200 1743074813
180 1743074813
180 1743074813
180 1743074813
180 1743074813
200 1743074813
180 1743074813
200 1743074813
200 1743074813
200 1743074813
200 1743074813
200 1743074814
200 1743074814
200 1743074814
200 1743074814
180 1743074814
200 1743074814
180 1743074814
200 1743074814
200 1743074814
180 1743074814
200 1743074814
200 1743074814
200 1743074814
200 1743074814
40 1743074814
60 1743074814
60 1743074814
40 1743074814
60 1743074814
40 1743074814
40 1743074814
60 1743074814
40 1743074814
40 1743074814
60 1743074814
7140 1743074814
40 1743074814
60 1743074814
40 1743074814
40 1743074814
40 1743074814
40 1743074814
11980 1743074814
40078 1743074814
40000 1743074815
40000 1743074816
40002 1743074817
40004 1743074818
40000 1743074819
40000 1743074820
40000 1743074821
40001 1743074822
40003 1743074823
40000 1743074824
40 1743074824
80 1743074825
40002 1743074825
40001 1743074826
40001 1743074827
40000 1743074828
40000 1743074829
40001 1743074830
40000 1743074831
40000 1743074832
40000 1743074833
40002 1743074834
40001 1743074835
40000 1743074836
40000 1743074837
40000 1743074838
40000 1743074839
40000 1743074840
40000 1743074841
40000 1743074842
40000 1743074843
40000 1743074844
40000 1743074845
40000 1743074846
40000 1743074847
40000 1743074848
40000 1743074849
40001 1743074850
40000 1743074851
40000 1743074852
40000 1743074853
40000 1743074854
40001 1743074855
40000 1743074856
40000 1743074857
40000 1743074858
40000 1743074859
40001 1743074860
40000 1743074861
40000 1743074862
40000 1743074863
40000 1743074864
